dates    amo    ???
1856.00    0.24300   0.00
1856.08    0.17600   0.00 
1856.17    0.24800   0.00 
1856.25    0.16700   0.00 
1856.33    0.21900   0.00 
1856.42    0.24100   0.00 
1856.50    0.25500   0.00 
1856.58    0.23200   0.00 
1856.67    0.29900   0.00 
1856.75    0.14900   0.00 
1856.83    0.15900   0.00 
1856.92    0.25300   0.00 
1857.00    0.23800   0.00 
1857.08   -0.03500   0.00 
1857.17   -0.05000   0.00 
1857.25    0.03200   0.00 
1857.33   -0.00800   0.00 
1857.42    0.12400   0.00 
1857.50    0.15600   0.00 
1857.58    0.02200   0.00 
1857.67    0.04300   0.00 
1857.75   -0.11000   0.00 
1857.83   -0.14400   0.00 
1857.92   -0.25900   0.00 
1858.00   -0.19700   0.00 
1858.08   -0.29000   0.00 
1858.17   -0.04600   0.00 
1858.25    0.23500   0.00 
1858.33    0.11300   0.00 
1858.42   -0.01600   0.00 
1858.50   -0.13700   0.00 
1858.58   -0.04700   0.00 
1858.67    0.09400   0.00 
1858.75    0.17200   0.00 
1858.83    0.29900   0.00 
1858.92    0.14600   0.00 
1859.00   -0.10900   0.00 
1859.08   -0.09700   0.00 
1859.17    0.08300   0.00 
1859.25    0.17300   0.00 
1859.33    0.11000   0.00 
1859.42   -0.07800   0.00 
1859.50   -0.15800   0.00 
1859.58    0.08600   0.00 
1859.67    0.10300   0.00 
1859.75    0.15100   0.00 
1859.83    0.08300   0.00 
1859.92    0.10500   0.00 
1860.00    0.13800   0.00 
1860.08   -0.08900   0.00 
1860.17    0.08400   0.00 
1860.25   -0.04600   0.00 
1860.33    0.19200   0.00 
1860.42    0.32600   0.00 
1860.50    0.25200   0.00 
1860.58    0.06200   0.00 
1860.67    0.01800   0.00 
1860.75    0.13200   0.00 
1860.83    0.01500   0.00 
1860.92    0.16400   0.00 
1861.00    0.02300   0.00 
1861.08   -0.08700   0.00 
1861.17    0.01600   0.00 
1861.25    0.27000   0.00 
1861.33    0.21700   0.00 
1861.42    0.31400   0.00 
1861.50    0.43600   0.00 
1861.58    0.32400   0.00 
1861.67    0.28100   0.00 
1861.75    0.23600   0.00 
1861.83    0.23800   0.00 
1861.92    0.13700   0.00 
1862.00   -0.00600   0.00 
1862.08   -0.14200   0.00 
1862.17   -0.05100   0.00 
1862.25   -0.10400   0.00 
1862.33   -0.16000   0.00 
1862.42   -0.02300   0.00 
1862.50   -0.27200   0.00 
1862.58   -0.24600   0.00 
1862.67   -0.23500   0.00 
1862.75   -0.24400   0.00 
1862.83   -0.33100   0.00 
1862.92   -0.33700   0.00 
1863.00   -0.12500   0.00 
1863.08   -0.02300   0.00 
1863.17    0.04900   0.00 
1863.25    0.07100   0.00 
1863.33    0.04400   0.00 
1863.42   -0.02100   0.00 
1863.50   -0.27300   0.00 
1863.58   -0.27900   0.00 
1863.67   -0.13700   0.00 
1863.75   -0.21300   0.00 
1863.83   -0.15700   0.00 
1863.92   -0.09500   0.00 
1864.00   -0.18500   0.00 
1864.08   -0.33500   0.00 
1864.17   -0.16100   0.00 
1864.25   -0.01500   0.00 
1864.33    0.09300   0.00 
1864.42    0.13600   0.00 
1864.50    0.28100   0.00 
1864.58    0.36800   0.00 
1864.67    0.21500   0.00 
1864.75    0.14600   0.00 
1864.83    0.20700   0.00 
1864.92    0.20900   0.00 
1865.00    0.20800   0.00 
1865.08    0.26800   0.00 
1865.17    0.18100   0.00 
1865.25    0.07700   0.00 
1865.33    0.04600   0.00 
1865.42    0.21600   0.00 
1865.50    0.13800   0.00 
1865.58    0.05800   0.00 
1865.67    0.30100   0.00 
1865.75    0.26800   0.00 
1865.83    0.23200   0.00 
1865.92    0.23200   0.00 
1866.00    0.06500   0.00 
1866.08    0.19200   0.00 
1866.17    0.22700   0.00 
1866.25    0.14600   0.00 
1866.33    0.18900   0.00 
1866.42    0.36500   0.00 
1866.50    0.29500   0.00 
1866.58    0.27300   0.00 
1866.67    0.16200   0.00 
1866.75    0.15500   0.00 
1866.83    0.28100   0.00 
1866.92    0.29000   0.00 
1867.00    0.32500   0.00 
1867.08    0.29800   0.00 
1867.17    0.40000   0.00 
1867.25    0.31000   0.00 
1867.33    0.17100   0.00 
1867.42    0.10200   0.00 
1867.50    0.12100   0.00 
1867.58    0.08400   0.00 
1867.67    0.01600   0.00 
1867.75   -0.01400   0.00 
1867.83    0.12600   0.00 
1867.92   -0.03900   0.00 
1868.00    0.07500   0.00 
1868.08    0.14500   0.00 
1868.17    0.21600   0.00 
1868.25    0.27500   0.00 
1868.33    0.20100   0.00 
1868.42    0.34000   0.00 
1868.50    0.41900   0.00 
1868.58    0.21700   0.00 
1868.67    0.16000   0.00 
1868.75   -0.09900   0.00 
1868.83   -0.04200   0.00 
1868.92    0.13600   0.00 
1869.00   -0.10000   0.00 
1869.08    0.10600   0.00 
1869.17    0.09100   0.00 
1869.25    0.25800   0.00 
1869.33    0.29600   0.00 
1869.42    0.22900   0.00 
1869.50    0.29400   0.00 
1869.58    0.14800   0.00 
1869.67    0.10800   0.00 
1869.75    0.00700   0.00 
1869.83   -0.03100   0.00 
1869.92   -0.07400   0.00 
1870.00   -0.14500   0.00 
1870.08    0.02200   0.00 
1870.17   -0.02900   0.00 
1870.25   -0.15500   0.00 
1870.33   -0.01600   0.00 
1870.42    0.00100   0.00 
1870.50   -0.02700   0.00 
1870.58    0.11300   0.00 
1870.67    0.16300   0.00 
1870.75    0.17000   0.00 
1870.83    0.18600   0.00 
1870.92    0.12100   0.00 
1871.00   -0.12300   0.00 
1871.08   -0.10600   0.00 
1871.17    0.14200   0.00 
1871.25    0.19200   0.00 
1871.33    0.15500   0.00 
1871.42    0.14400   0.00 
1871.50    0.18500   0.00 
1871.58    0.07000   0.00 
1871.67   -0.07500   0.00 
1871.75   -0.13500   0.00 
1871.83    0.00800   0.00 
1871.92    0.09900   0.00 
1872.00   -0.05700   0.00 
1872.08   -0.04200   0.00 
1872.17   -0.07300   0.00 
1872.25   -0.06200   0.00 
1872.33    0.18800   0.00 
1872.42    0.22900   0.00 
1872.50    0.29700   0.00 
1872.58    0.39600   0.00 
1872.67    0.42800   0.00 
1872.75    0.05900   0.00 
1872.83   -0.02200   0.00 
1872.92   -0.04000   0.00 
1873.00    0.06500   0.00 
1873.08    0.01600   0.00 
1873.17    0.05300   0.00 
1873.25    0.05700   0.00 
1873.33   -0.03800   0.00 
1873.42   -0.02800   0.00 
1873.50    0.09600   0.00 
1873.58    0.05600   0.00 
1873.67    0.15700   0.00 
1873.75    0.09300   0.00 
1873.83    0.07200   0.00 
1873.92    0.15100   0.00 
1874.00    0.06200   0.00 
1874.08   -0.10200   0.00 
1874.17   -0.10800   0.00 
1874.25   -0.07900   0.00 
1874.33    0.02600   0.00 
1874.42    0.17400   0.00 
1874.50    0.11100   0.00 
1874.58   -0.00200   0.00 
1874.67    0.19100   0.00 
1874.75   -0.02900   0.00 
1874.83   -0.04700   0.00 
1874.92   -0.27900   0.00 
1875.00   -0.15500   0.00 
1875.08    0.07700   0.00 
1875.17    0.04700   0.00 
1875.25    0.02900   0.00 
1875.33    0.17500   0.00 
1875.42    0.18100   0.00 
1875.50    0.01400   0.00 
1875.58    0.10100   0.00 
1875.67    0.14900   0.00 
1875.75    0.08200   0.00 
1875.83   -0.04800   0.00 
1875.92   -0.06600   0.00 
1876.00   -0.19500   0.00 
1876.08   -0.06500   0.00 
1876.17   -0.08000   0.00 
1876.25   -0.06000   0.00 
1876.33   -0.06100   0.00 
1876.42    0.00600   0.00 
1876.50    0.12600   0.00 
1876.58    0.18500   0.00 
1876.67    0.15900   0.00 
1876.75   -0.04400   0.00 
1876.83   -0.07100   0.00 
1876.92   -0.00600   0.00 
1877.00    0.01800   0.00 
1877.08    0.16800   0.00 
1877.17    0.25200   0.00 
1877.25    0.15700   0.00 
1877.33    0.26700   0.00 
1877.42    0.33600   0.00 
1877.50    0.31200   0.00 
1877.58    0.37600   0.00 
1877.67    0.27500   0.00 
1877.75    0.24500   0.00 
1877.83    0.31300   0.00 
1877.92    0.33200   0.00 
1878.00    0.25400   0.00 
1878.08    0.34700   0.00 
1878.17    0.35700   0.00 
1878.25    0.65600   0.00 
1878.33    0.53700   0.00 
1878.42    0.63900   0.00 
1878.50    0.43300   0.00 
1878.58    0.59900   0.00 
1878.67    0.56000   0.00 
1878.75    0.33100   0.00 
1878.83    0.38500   0.00 
1878.92    0.48300   0.00 
1879.00    0.33500   0.00 
1879.08    0.39100   0.00 
1879.17    0.03200   0.00 
1879.25    0.04900   0.00 
1879.33    0.25700   0.00 
1879.42    0.18800   0.00 
1879.50    0.09600   0.00 
1879.58    0.02800   0.00 
1879.67   -0.01100   0.00 
1879.75    0.07300   0.00 
1879.83    0.08000   0.00 
1879.92    0.13000   0.00 
1880.00    0.08800   0.00 
1880.08    0.01600   0.00 
1880.17    0.10100   0.00 
1880.25   -0.02600   0.00 
1880.33   -0.12800   0.00 
1880.42   -0.00000   0.00 
1880.50    0.13000   0.00 
1880.58    0.11400   0.00 
1880.67    0.26600   0.00 
1880.75    0.24200   0.00 
1880.83    0.15900   0.00 
1880.92   -0.07300   0.00 
1881.00    0.18100   0.00 
1881.08    0.13500   0.00 
1881.17    0.20200   0.00 
1881.25    0.23300   0.00 
1881.33    0.12600   0.00 
1881.42    0.13200   0.00 
1881.50    0.02000   0.00 
1881.58    0.05700   0.00 
1881.67   -0.01100   0.00 
1881.75   -0.05700   0.00 
1881.83   -0.29300   0.00 
1881.92   -0.08300   0.00 
1882.00   -0.11900   0.00 
1882.08   -0.08600   0.00 
1882.17   -0.02100   0.00 
1882.25   -0.11600   0.00 
1882.33   -0.11800   0.00 
1882.42    0.01200   0.00 
1882.50    0.07300   0.00 
1882.58    0.08200   0.00 
1882.67    0.05400   0.00 
1882.75   -0.00200   0.00 
1882.83    0.02700   0.00 
1882.92    0.03000   0.00 
1883.00   -0.03400   0.00 
1883.08   -0.15100   0.00 
1883.17   -0.13900   0.00 
1883.25    0.04100   0.00 
1883.33    0.04700   0.00 
1883.42   -0.01600   0.00 
1883.50   -0.03000   0.00 
1883.58    0.03200   0.00 
1883.67   -0.07700   0.00 
1883.75   -0.09900   0.00 
1883.83    0.00800   0.00 
1883.92    0.14900   0.00 
1884.00    0.04700   0.00 
1884.08   -0.12800   0.00 
1884.17   -0.09500   0.00 
1884.25   -0.04700   0.00 
1884.33   -0.03300   0.00 
1884.42    0.15200   0.00 
1884.50   -0.01500   0.00 
1884.58    0.00700   0.00 
1884.67   -0.13500   0.00 
1884.75   -0.12800   0.00 
1884.83   -0.32400   0.00 
1884.92   -0.09700   0.00 
1885.00   -0.04900   0.00 
1885.08    0.06200   0.00 
1885.17   -0.01700   0.00 
1885.25   -0.23200   0.00 
1885.33   -0.14800   0.00 
1885.42   -0.11300   0.00 
1885.50   -0.00700   0.00 
1885.58    0.13200   0.00 
1885.67    0.05300   0.00 
1885.75    0.05100   0.00 
1885.83    0.03000   0.00 
1885.92    0.05300   0.00 
1886.00    0.15000   0.00 
1886.08    0.14600   0.00 
1886.17    0.20300   0.00 
1886.25    0.22600   0.00 
1886.33    0.25400   0.00 
1886.42    0.22300   0.00 
1886.50    0.26500   0.00 
1886.58    0.08400   0.00 
1886.67    0.02100   0.00 
1886.75    0.00100   0.00 
1886.83    0.00600   0.00 
1886.92   -0.00000   0.00 
1887.00   -0.07900   0.00 
1887.08   -0.06600   0.00 
1887.17   -0.00300   0.00 
1887.25   -0.04500   0.00 
1887.33    0.06500   0.00 
1887.42    0.24000   0.00 
1887.50    0.35900   0.00 
1887.58    0.22600   0.00 
1887.67    0.17800   0.00 
1887.75    0.26200   0.00 
1887.83    0.20700   0.00 
1887.92    0.20800   0.00 
1888.00    0.26000   0.00 
1888.08    0.19700   0.00 
1888.17    0.28200   0.00 
1888.25    0.15000   0.00 
1888.33    0.15600   0.00 
1888.42    0.27900   0.00 
1888.50    0.21400   0.00 
1888.58    0.17400   0.00 
1888.67    0.17700   0.00 
1888.75    0.28200   0.00 
1888.83    0.15500   0.00 
1888.92    0.10600   0.00 
1889.00    0.26400   0.00 
1889.08    0.27100   0.00 
1889.17    0.34600   0.00 
1889.25    0.32600   0.00 
1889.33    0.32700   0.00 
1889.42    0.23900   0.00 
1889.50    0.08900   0.00 
1889.58    0.10900   0.00 
1889.67    0.11700   0.00 
1889.75    0.11700   0.00 
1889.83    0.19000   0.00 
1889.92    0.06400   0.00 
1890.00    0.04400   0.00 
1890.08    0.02800   0.00 
1890.17   -0.02600   0.00 
1890.25   -0.14100   0.00 
1890.33   -0.13300   0.00 
1890.42   -0.08900   0.00 
1890.50   -0.24200   0.00 
1890.58   -0.28700   0.00 
1890.67   -0.24600   0.00 
1890.75   -0.06900   0.00 
1890.83   -0.25800   0.00 
1890.92   -0.23500   0.00 
1891.00   -0.26200   0.00 
1891.08   -0.07200   0.00 
1891.17    0.08800   0.00 
1891.25    0.12400   0.00 
1891.33    0.19200   0.00 
1891.42    0.17800   0.00 
1891.50    0.25600   0.00 
1891.58    0.11400   0.00 
1891.67    0.02200   0.00 
1891.75    0.04000   0.00 
1891.83   -0.22400   0.00 
1891.92    0.03300   0.00 
1892.00    0.07600   0.00 
1892.08    0.13700   0.00 
1892.17    0.11000   0.00 
1892.25    0.01800   0.00 
1892.33   -0.11500   0.00 
1892.42   -0.13200   0.00 
1892.50   -0.23800   0.00 
1892.58   -0.09200   0.00 
1892.67   -0.20000   0.00 
1892.75   -0.16800   0.00 
1892.83   -0.26300   0.00 
1892.92   -0.16400   0.00 
1893.00   -0.08900   0.00 
1893.08   -0.04100   0.00 
1893.17   -0.02900   0.00 
1893.25   -0.14100   0.00 
1893.33   -0.12100   0.00 
1893.42    0.13900   0.00 
1893.50    0.19200   0.00 
1893.58    0.17600   0.00 
1893.67    0.06500   0.00 
1893.75   -0.04600   0.00 
1893.83    0.03700   0.00 
1893.92   -0.14300   0.00 
1894.00   -0.13400   0.00 
1894.08   -0.15200   0.00 
1894.17   -0.17200   0.00 
1894.25   -0.26900   0.00 
1894.33   -0.34400   0.00 
1894.42   -0.31000   0.00 
1894.50   -0.21200   0.00 
1894.58   -0.22300   0.00 
1894.67   -0.21200   0.00 
1894.75   -0.32200   0.00 
1894.83   -0.29900   0.00 
1894.92   -0.21400   0.00 
1895.00   -0.10200   0.00 
1895.08   -0.07000   0.00 
1895.17   -0.24900   0.00 
1895.25   -0.27700   0.00 
1895.33   -0.19200   0.00 
1895.42   -0.09300   0.00 
1895.50   -0.05900   0.00 
1895.58   -0.08100   0.00 
1895.67    0.08800   0.00 
1895.75    0.08600   0.00 
1895.83   -0.09500   0.00 
1895.92   -0.03600   0.00 
1896.00   -0.05300   0.00 
1896.08    0.04600   0.00 
1896.17   -0.02600   0.00 
1896.25    0.06100   0.00 
1896.33    0.27000   0.00 
1896.42    0.20200   0.00 
1896.50    0.11400   0.00 
1896.58    0.09300   0.00 
1896.67    0.32700   0.00 
1896.75    0.17100   0.00 
1896.83    0.05800   0.00 
1896.92    0.06700   0.00 
1897.00    0.09100   0.00 
1897.08    0.14300   0.00 
1897.17    0.31500   0.00 
1897.25    0.25800   0.00 
1897.33    0.17300   0.00 
1897.42    0.11000   0.00 
1897.50    0.10800   0.00 
1897.58    0.02900   0.00 
1897.67    0.05800   0.00 
1897.75    0.08600   0.00 
1897.83   -0.00300   0.00 
1897.92   -0.00200   0.00 
1898.00   -0.00500   0.00 
1898.08    0.06800   0.00 
1898.17    0.11800   0.00 
1898.25    0.07100   0.00 
1898.33    0.10000   0.00 
1898.42    0.22000   0.00 
1898.50    0.22700   0.00 
1898.58    0.14900   0.00 
1898.67    0.11500   0.00 
1898.75   -0.01800   0.00 
1898.83   -0.12000   0.00 
1898.92    0.01000   0.00 
1899.00   -0.05600   0.00 
1899.08   -0.04200   0.00 
1899.17    0.00100   0.00 
1899.25    0.09500   0.00 
1899.33    0.21200   0.00 
1899.42    0.19800   0.00 
1899.50    0.12100   0.00 
1899.58    0.28000   0.00 
1899.67    0.13900   0.00 
1899.75    0.10200   0.00 
1899.83    0.21000   0.00 
1899.92    0.30900   0.00 
1900.00    0.21800   0.00 
1900.08    0.21300   0.00 
1900.17    0.07200   0.00 
1900.25    0.17500   0.00 
1900.33    0.00800   0.00 
1900.42    0.01100   0.00 
1900.50    0.10300   0.00 
1900.58    0.01000   0.00 
1900.67    0.06000   0.00 
1900.75    0.12700   0.00 
1900.83    0.05500   0.00 
1900.92    0.14700   0.00 
1901.00    0.05900   0.00 
1901.08    0.19700   0.00 
1901.17    0.17000   0.00 
1901.25    0.16200   0.00 
1901.33    0.09200   0.00 
1901.42    0.22900   0.00 
1901.50    0.19500   0.00 
1901.58    0.19300   0.00 
1901.67    0.01300   0.00 
1901.75   -0.09700   0.00 
1901.83   -0.06800   0.00 
1901.92   -0.05500   0.00 
1902.00   -0.10600   0.00 
1902.08   -0.02200   0.00 
1902.17   -0.01300   0.00 
1902.25   -0.13900   0.00 
1902.33   -0.08000   0.00 
1902.42   -0.24200   0.00 
1902.50   -0.28100   0.00 
1902.58   -0.16200   0.00 
1902.67    0.00900   0.00 
1902.75    0.02600   0.00 
1902.83   -0.10700   0.00 
1902.92   -0.07600   0.00 
1903.00   -0.03200   0.00 
1903.08    0.06200   0.00 
1903.17   -0.04900   0.00 
1903.25   -0.06000   0.00 
1903.33   -0.13500   0.00 
1903.42   -0.16700   0.00 
1903.50   -0.15500   0.00 
1903.58   -0.43600   0.00 
1903.67   -0.44700   0.00 
1903.75   -0.35800   0.00 
1903.83   -0.23000   0.00 
1903.92   -0.28400   0.00 
1904.00   -0.34400   0.00 
1904.08   -0.36500   0.00 
1904.17   -0.37100   0.00 
1904.25   -0.41500   0.00 
1904.33   -0.39000   0.00 
1904.42   -0.42200   0.00 
1904.50   -0.33000   0.00 
1904.58   -0.34100   0.00 
1904.67   -0.47100   0.00 
1904.75   -0.36300   0.00 
1904.83   -0.19200   0.00 
1904.92   -0.14700   0.00 
1905.00   -0.21800   0.00 
1905.08   -0.17600   0.00 
1905.17   -0.35300   0.00 
1905.25   -0.16600   0.00 
1905.33   -0.05600   0.00 
1905.42   -0.16600   0.00 
1905.50   -0.04800   0.00 
1905.58   -0.13600   0.00 
1905.67   -0.35000   0.00 
1905.75   -0.24500   0.00 
1905.83   -0.26200   0.00 
1905.92   -0.23900   0.00 
1906.00   -0.06600   0.00 
1906.08   -0.02700   0.00 
1906.17   -0.04700   0.00 
1906.25   -0.03900   0.00 
1906.33   -0.15400   0.00 
1906.42    0.01300   0.00 
1906.50   -0.00200   0.00 
1906.58   -0.05900   0.00 
1906.67   -0.11500   0.00 
1906.75   -0.13600   0.00 
1906.83   -0.01300   0.00 
1906.92   -0.22000   0.00 
1907.00   -0.18100   0.00 
1907.08   -0.34400   0.00 
1907.17   -0.25000   0.00 
1907.25   -0.15700   0.00 
1907.33   -0.14400   0.00 
1907.42   -0.25000   0.00 
1907.50   -0.27700   0.00 
1907.58   -0.31100   0.00 
1907.67   -0.17400   0.00 
1907.75   -0.21600   0.00 
1907.83   -0.22300   0.00 
1907.92   -0.18700   0.00 
1908.00   -0.22800   0.00 
1908.08   -0.22900   0.00 
1908.17   -0.23700   0.00 
1908.25   -0.20500   0.00 
1908.33   -0.16000   0.00 
1908.42   -0.06000   0.00 
1908.50    0.02800   0.00 
1908.58    0.01100   0.00 
1908.67   -0.08500   0.00 
1908.75   -0.11700   0.00 
1908.83   -0.15100   0.00 
1908.92   -0.11800   0.00 
1909.00   -0.10200   0.00 
1909.08   -0.14000   0.00 
1909.17   -0.09800   0.00 
1909.25   -0.14600   0.00 
1909.33   -0.00400   0.00 
1909.42   -0.12600   0.00 
1909.50   -0.16400   0.00 
1909.58   -0.08000   0.00 
1909.67   -0.11200   0.00 
1909.75   -0.14800   0.00 
1909.83   -0.28900   0.00 
1909.92   -0.23100   0.00 
1910.00   -0.30500   0.00 
1910.08   -0.24900   0.00 
1910.17   -0.25800   0.00 
1910.25   -0.30800   0.00 
1910.33   -0.33900   0.00 
1910.42   -0.35900   0.00 
1910.50   -0.28700   0.00 
1910.58   -0.25700   0.00 
1910.67   -0.10400   0.00 
1910.75   -0.18800   0.00 
1910.83   -0.07600   0.00 
1910.92   -0.24000   0.00 
1911.00   -0.25100   0.00 
1911.08   -0.25100   0.00 
1911.17   -0.30600   0.00 
1911.25   -0.31800   0.00 
1911.33   -0.34200   0.00 
1911.42   -0.23700   0.00 
1911.50   -0.16600   0.00 
1911.58   -0.06400   0.00 
1911.67   -0.11700   0.00 
1911.75   -0.11200   0.00 
1911.83   -0.22900   0.00 
1911.92   -0.17100   0.00 
1912.00   -0.23500   0.00 
1912.08   -0.25900   0.00 
1912.17   -0.21700   0.00 
1912.25   -0.16700   0.00 
1912.33   -0.11400   0.00 
1912.42   -0.14900   0.00 
1912.50   -0.25600   0.00 
1912.58   -0.39400   0.00 
1912.67   -0.24400   0.00 
1912.75   -0.24900   0.00 
1912.83   -0.22200   0.00 
1912.92   -0.23400   0.00 
1913.00   -0.30600   0.00 
1913.08   -0.21100   0.00 
1913.17   -0.22400   0.00 
1913.25   -0.44000   0.00 
1913.33   -0.44800   0.00 
1913.42   -0.56600   0.00 
1913.50   -0.43800   0.00 
1913.58   -0.43400   0.00 
1913.67   -0.42800   0.00 
1913.75   -0.38200   0.00 
1913.83   -0.45600   0.00 
1913.92   -0.32700   0.00 
1914.00   -0.22300   0.00 
1914.08   -0.31900   0.00 
1914.17   -0.40600   0.00 
1914.25   -0.38400   0.00 
1914.33   -0.26300   0.00 
1914.42   -0.37700   0.00 
1914.50   -0.43200   0.00 
1914.58   -0.37100   0.00 
1914.67   -0.18900   0.00 
1914.75   -0.11400   0.00 
1914.83   -0.18500   0.00 
1914.92   -0.22800   0.00 
1915.00   -0.12900   0.00 
1915.08   -0.11700   0.00 
1915.17   -0.00400   0.00 
1915.25    0.05100   0.00 
1915.33    0.26100   0.00 
1915.42    0.29300   0.00 
1915.50    0.31700   0.00 
1915.58    0.21100   0.00 
1915.67    0.19600   0.00 
1915.75    0.02800   0.00 
1915.83   -0.00700   0.00 
1915.92    0.01000   0.00 
1916.00   -0.04000   0.00 
1916.08   -0.10000   0.00 
1916.17   -0.09400   0.00 
1916.25   -0.11900   0.00 
1916.33    0.01900   0.00 
1916.42    0.02800   0.00 
1916.50   -0.07600   0.00 
1916.58   -0.01800   0.00 
1916.67   -0.00500   0.00 
1916.75   -0.07600   0.00 
1916.83   -0.24100   0.00 
1916.92   -0.20900   0.00 
1917.00   -0.29500   0.00 
1917.08   -0.35100   0.00 
1917.17   -0.40300   0.00 
1917.25   -0.30700   0.00 
1917.33   -0.25500   0.00 
1917.42   -0.15300   0.00 
1917.50   -0.21000   0.00 
1917.58   -0.19300   0.00 
1917.67   -0.28300   0.00 
1917.75   -0.34200   0.00 
1917.83   -0.32100   0.00 
1917.92   -0.26000   0.00 
1918.00   -0.10200   0.00 
1918.08   -0.17600   0.00 
1918.17   -0.11900   0.00 
1918.25   -0.18000   0.00 
1918.33   -0.24000   0.00 
1918.42   -0.42100   0.00 
1918.50   -0.36800   0.00 
1918.58   -0.39200   0.00 
1918.67   -0.36600   0.00 
1918.75   -0.25900   0.00 
1918.83   -0.30100   0.00 
1918.92   -0.22500   0.00 
1919.00   -0.22800   0.00 
1919.08   -0.06000   0.00 
1919.17   -0.19400   0.00 
1919.25   -0.05700   0.00 
1919.33   -0.16600   0.00 
1919.42   -0.22400   0.00 
1919.50   -0.28400   0.00 
1919.58   -0.19200   0.00 
1919.67   -0.19300   0.00 
1919.75   -0.14400   0.00 
1919.83   -0.22900   0.00 
1919.92   -0.29200   0.00 
1920.00   -0.46300   0.00 
1920.08   -0.40500   0.00 
1920.17   -0.45300   0.00 
1920.25   -0.33600   0.00 
1920.33   -0.25400   0.00 
1920.42   -0.28300   0.00 
1920.50   -0.27700   0.00 
1920.58   -0.30500   0.00 
1920.67   -0.27800   0.00 
1920.75   -0.26900   0.00 
1920.83   -0.42900   0.00 
1920.92   -0.30500   0.00 
1921.00   -0.29200   0.00 
1921.08   -0.27500   0.00 
1921.17   -0.31900   0.00 
1921.25   -0.26600   0.00 
1921.33   -0.25200   0.00 
1921.42   -0.24900   0.00 
1921.50   -0.11000   0.00 
1921.58   -0.24800   0.00 
1921.67   -0.22700   0.00 
1921.75   -0.05600   0.00 
1921.83   -0.26400   0.00 
1921.92   -0.12200   0.00 
1922.00   -0.20700   0.00 
1922.08   -0.24400   0.00 
1922.17   -0.34200   0.00 
1922.25   -0.41200   0.00 
1922.33   -0.31900   0.00 
1922.42   -0.33300   0.00 
1922.50   -0.37800   0.00 
1922.58   -0.31000   0.00 
1922.67   -0.36900   0.00 
1922.75   -0.28800   0.00 
1922.83   -0.35300   0.00 
1922.92   -0.32600   0.00 
1923.00   -0.36500   0.00 
1923.08   -0.46200   0.00 
1923.17   -0.40600   0.00 
1923.25   -0.43100   0.00 
1923.33   -0.28300   0.00 
1923.42   -0.31600   0.00 
1923.50   -0.32300   0.00 
1923.58   -0.42800   0.00 
1923.67   -0.37100   0.00 
1923.75   -0.26600   0.00 
1923.83   -0.21800   0.00 
1923.92   -0.06300   0.00 
1924.00   -0.13300   0.00 
1924.08   -0.20100   0.00 
1924.17   -0.10700   0.00 
1924.25   -0.05900   0.00 
1924.33    0.04300   0.00 
1924.42   -0.10000   0.00 
1924.50   -0.12800   0.00 
1924.58   -0.14000   0.00 
1924.67   -0.20600   0.00 
1924.75   -0.23800   0.00 
1924.83   -0.31800   0.00 
1924.92   -0.29000   0.00 
1925.00   -0.32800   0.00 
1925.08   -0.31300   0.00 
1925.17   -0.24100   0.00 
1925.25   -0.18200   0.00 
1925.33   -0.08000   0.00 
1925.42   -0.19200   0.00 
1925.50   -0.14700   0.00 
1925.58   -0.13500   0.00 
1925.67   -0.12300   0.00 
1925.75   -0.09000   0.00 
1925.83   -0.17500   0.00 
1925.92    0.04300   0.00 
1926.00    0.03100   0.00 
1926.08    0.10400   0.00 
1926.17    0.04300   0.00 
1926.25    0.10500   0.00 
1926.33    0.12200   0.00 
1926.42    0.06500   0.00 
1926.50    0.13700   0.00 
1926.58    0.04800   0.00 
1926.67    0.03800   0.00 
1926.75    0.17300   0.00 
1926.83    0.02300   0.00 
1926.92    0.08500   0.00 
1927.00    0.07600   0.00 
1927.08    0.07200   0.00 
1927.17    0.03600   0.00 
1927.25    0.06400   0.00 
1927.33    0.18800   0.00 
1927.42    0.15000   0.00 
1927.50    0.15100   0.00 
1927.58    0.15300   0.00 
1927.67    0.10000   0.00 
1927.75    0.16900   0.00 
1927.83    0.13300   0.00 
1927.92   -0.02800   0.00 
1928.00   -0.05000   0.00 
1928.08   -0.09900   0.00 
1928.17   -0.09800   0.00 
1928.25   -0.10300   0.00 
1928.33    0.01300   0.00 
1928.42    0.06200   0.00 
1928.50    0.08100   0.00 
1928.58    0.09700   0.00 
1928.67    0.08300   0.00 
1928.75    0.03700   0.00 
1928.83   -0.05600   0.00 
1928.92   -0.09500   0.00 
1929.00   -0.09200   0.00 
1929.08   -0.10500   0.00 
1929.17   -0.09400   0.00 
1929.25   -0.02000   0.00 
1929.33   -0.11500   0.00 
1929.42   -0.19700   0.00 
1929.50   -0.18400   0.00 
1929.58   -0.15900   0.00 
1929.67   -0.06900   0.00 
1929.75   -0.05800   0.00 
1929.83   -0.11800   0.00 
1929.92   -0.19000   0.00 
1930.00   -0.12800   0.00 
1930.08   -0.18000   0.00 
1930.17   -0.09900   0.00 
1930.25   -0.21500   0.00 
1930.33   -0.11500   0.00 
1930.42   -0.08500   0.00 
1930.50    0.05600   0.00 
1930.58    0.06500   0.00 
1930.67    0.28300   0.00 
1930.75    0.19700   0.00 
1930.83    0.14900   0.00 
1930.92    0.13800   0.00 
1931.00    0.11000   0.00 
1931.08    0.06100   0.00 
1931.17    0.14300   0.00 
1931.25    0.14600   0.00 
1931.33    0.22000   0.00 
1931.42    0.26400   0.00 
1931.50    0.18900   0.00 
1931.58    0.14600   0.00 
1931.67    0.25900   0.00 
1931.75    0.31400   0.00 
1931.83    0.05400   0.00 
1931.92    0.16700   0.00 
1932.00    0.17100   0.00 
1932.08    0.22500   0.00 
1932.17    0.24200   0.00 
1932.25    0.20700   0.00 
1932.33    0.14900   0.00 
1932.42    0.23900   0.00 
1932.50    0.26600   0.00 
1932.58    0.38200   0.00 
1932.67    0.33100   0.00 
1932.75    0.23300   0.00 
1932.83    0.13200   0.00 
1932.92    0.09000   0.00 
1933.00    0.08300   0.00 
1933.08    0.15200   0.00 
1933.17    0.08600   0.00 
1933.25    0.20600   0.00 
1933.33    0.28600   0.00 
1933.42    0.23900   0.00 
1933.50    0.27400   0.00 
1933.58    0.27600   0.00 
1933.67    0.23800   0.00 
1933.75    0.32600   0.00 
1933.83    0.07500   0.00 
1933.92   -0.00300   0.00 
1934.00   -0.11700   0.00 
1934.08   -0.19500   0.00 
1934.17   -0.21600   0.00 
1934.25   -0.09900   0.00 
1934.33   -0.11700   0.00 
1934.42    0.02800   0.00 
1934.50    0.16600   0.00 
1934.58    0.07500   0.00 
1934.67    0.13700   0.00 
1934.75    0.16500   0.00 
1934.83    0.01200   0.00 
1934.92   -0.01000   0.00 
1935.00    0.03700   0.00 
1935.08   -0.14000   0.00 
1935.17   -0.15500   0.00 
1935.25    0.04900   0.00 
1935.33    0.13600   0.00 
1935.42    0.10400   0.00 
1935.50    0.05700   0.00 
1935.58   -0.00000   0.00 
1935.67   -0.04200   0.00 
1935.75   -0.02400   0.00 
1935.83    0.01400   0.00 
1935.92    0.09500   0.00 
1936.00    0.13100   0.00 
1936.08    0.14000   0.00 
1936.17    0.18800   0.00 
1936.25    0.19000   0.00 
1936.33    0.16100   0.00 
1936.42    0.18700   0.00 
1936.50    0.18900   0.00 
1936.58    0.20800   0.00 
1936.67    0.16700   0.00 
1936.75    0.09800   0.00 
1936.83    0.01300   0.00 
1936.92    0.04100   0.00 
1937.00    0.04800   0.00 
1937.08    0.07900   0.00 
1937.17    0.09200   0.00 
1937.25    0.06300   0.00 
1937.33    0.12400   0.00 
1937.42    0.44400   0.00 
1937.50    0.60500   0.00 
1937.58    0.58500   0.00 
1937.67    0.50100   0.00 
1937.75    0.29100   0.00 
1937.83    0.25000   0.00 
1937.92    0.34700   0.00 
1938.00    0.20400   0.00 
1938.08    0.14500   0.00 
1938.17    0.19300   0.00 
1938.25    0.23000   0.00 
1938.33    0.19600   0.00 
1938.42    0.16100   0.00 
1938.50    0.19800   0.00 
1938.58    0.29100   0.00 
1938.67    0.30200   0.00 
1938.75    0.34800   0.00 
1938.83    0.31200   0.00 
1938.92    0.21200   0.00 
1939.00    0.12800   0.00 
1939.08    0.07200   0.00 
1939.17   -0.03900   0.00 
1939.25    0.08800   0.00 
1939.33    0.09800   0.00 
1939.42    0.17000   0.00 
1939.50    0.31800   0.00 
1939.58    0.31600   0.00 
1939.67    0.29300   0.00 
1939.75    0.00300   0.00 
1939.83   -0.16000   0.00 
1939.92   -0.08600   0.00 
1940.00    0.05500   0.00 
1940.08   -0.20100   0.00 
1940.17   -0.15100   0.00 
1940.25   -0.03900   0.00 
1940.33   -0.00500   0.00 
1940.42    0.00700   0.00 
1940.50    0.08900   0.00 
1940.58    0.09800   0.00 
1940.67    0.01800   0.00 
1940.75   -0.05600   0.00 
1940.83   -0.13900   0.00 
1940.92   -0.14500   0.00 
1941.00   -0.06900   0.00 
1941.08    0.08800   0.00 
1941.17    0.12400   0.00 
1941.25    0.05700   0.00 
1941.33    0.03000   0.00 
1941.42   -0.02600   0.00 
1941.50    0.08100   0.00 
1941.58    0.27200   0.00 
1941.67    0.29700   0.00 
1941.75    0.40800   0.00 
1941.83    0.38500   0.00 
1941.92    0.31900   0.00 
1942.00    0.12800   0.00 
1942.08    0.19100   0.00 
1942.17    0.18500   0.00 
1942.25    0.19700   0.00 
1942.33    0.20200   0.00 
1942.42    0.25300   0.00 
1942.50    0.09300   0.00 
1942.58    0.13800   0.00 
1942.67    0.21700   0.00 
1942.75    0.19600   0.00 
1942.83    0.18900   0.00 
1942.92    0.08500   0.00 
1943.00    0.12200   0.00 
1943.08    0.08900   0.00 
1943.17   -0.11000   0.00 
1943.25   -0.14300   0.00 
1943.33   -0.13100   0.00 
1943.42   -0.08300   0.00 
1943.50    0.00900   0.00 
1943.58    0.00900   0.00 
1943.67    0.06900   0.00 
1943.75    0.07300   0.00 
1943.83    0.13600   0.00 
1943.92    0.22100   0.00 
1944.00    0.29400   0.00 
1944.08    0.31100   0.00 
1944.17    0.41600   0.00 
1944.25    0.30800   0.00 
1944.33    0.28500   0.00 
1944.42    0.34000   0.00 
1944.50    0.35400   0.00 
1944.58    0.43700   0.00 
1944.67    0.41100   0.00 
1944.75    0.36000   0.00 
1944.83    0.26500   0.00 
1944.92    0.26700   0.00 
1945.00    0.25300   0.00 
1945.08    0.34200   0.00 
1945.17    0.35800   0.00 
1945.25    0.40500   0.00 
1945.33    0.30300   0.00 
1945.42    0.16800   0.00 
1945.50    0.07700   0.00 
1945.58    0.10100   0.00 
1945.67    0.07800   0.00 
1945.75    0.09600   0.00 
1945.83    0.17800   0.00 
1945.92    0.13200   0.00 
1946.00    0.27100   0.00 
1946.08    0.18400   0.00 
1946.17    0.12500   0.00 
1946.25    0.05500   0.00 
1946.33    0.08300   0.00 
1946.42   -0.10700   0.00 
1946.50   -0.21100   0.00 
1946.58   -0.17000   0.00 
1946.67   -0.02300   0.00 
1946.75   -0.02200   0.00 
1946.83   -0.07100   0.00 
1946.92   -0.04100   0.00 
1947.00   -0.18000   0.00 
1947.08   -0.13300   0.00 
1947.17   -0.09700   0.00 
1947.25   -0.10300   0.00 
1947.33   -0.16100   0.00 
1947.42   -0.15800   0.00 
1947.50   -0.16200   0.00 
1947.58   -0.10500   0.00 
1947.67   -0.05600   0.00 
1947.75   -0.09600   0.00 
1947.83    0.04100   0.00 
1947.92    0.02800   0.00 
1948.00   -0.02100   0.00 
1948.08   -0.03400   0.00 
1948.17    0.02200   0.00 
1948.25   -0.07600   0.00 
1948.33   -0.01000   0.00 
1948.42    0.04900   0.00 
1948.50   -0.04600   0.00 
1948.58   -0.02900   0.00 
1948.67   -0.05900   0.00 
1948.75    0.00100   0.00 
1948.83    0.12800   0.00 
1948.92    0.05600   0.00 
1949.00    0.14700   0.00 
1949.08    0.15400   0.00 
1949.17    0.03200   0.00 
1949.25    0.09200   0.00 
1949.33   -0.03000   0.00 
1949.42   -0.00500   0.00 
1949.50    0.06500   0.00 
1949.58    0.09600   0.00 
1949.67    0.06400   0.00 
1949.75    0.09800   0.00 
1949.83    0.10200   0.00 
1949.92    0.11200   0.00 
1950.00    0.10500   0.00 
1950.08   -0.04000   0.00 
1950.17   -0.11200   0.00 
1950.25   -0.13700   0.00 
1950.33   -0.06500   0.00 
1950.42   -0.04900   0.00 
1950.50   -0.06200   0.00 
1950.58    0.01400   0.00 
1950.67    0.00300   0.00 
1950.75   -0.09700   0.00 
1950.83    0.07300   0.00 
1950.92    0.08200   0.00 
1951.00    0.09600   0.00 
1951.08   -0.00800   0.00 
1951.17    0.00600   0.00 
1951.25    0.16200   0.00 
1951.33    0.16600   0.00 
1951.42    0.28300   0.00 
1951.50    0.41500   0.00 
1951.58    0.29700   0.00 
1951.67    0.24300   0.00 
1951.75    0.25200   0.00 
1951.83    0.16800   0.00 
1951.92    0.16800   0.00 
1952.00    0.16500   0.00 
1952.08    0.17600   0.00 
1952.17    0.22400   0.00 
1952.25    0.18400   0.00 
1952.33    0.17400   0.00 
1952.42    0.37600   0.00 
1952.50    0.36600   0.00 
1952.58    0.39700   0.00 
1952.67    0.35500   0.00 
1952.75    0.34800   0.00 
1952.83    0.24400   0.00 
1952.92    0.33400   0.00 
1953.00    0.25800   0.00 
1953.08    0.17800   0.00 
1953.17    0.13400   0.00 
1953.25    0.30600   0.00 
1953.33    0.33500   0.00 
1953.42    0.26800   0.00 
1953.50    0.33700   0.00 
1953.58    0.25100   0.00 
1953.67    0.27300   0.00 
1953.75    0.14100   0.00 
1953.83    0.23700   0.00 
1953.92    0.25100   0.00 
1954.00    0.22000   0.00 
1954.08    0.08800   0.00 
1954.17    0.09300   0.00 
1954.25   -0.02100   0.00 
1954.33    0.06200   0.00 
1954.42    0.09200   0.00 
1954.50   -0.05200   0.00 
1954.58   -0.02200   0.00 
1954.67   -0.01800   0.00 
1954.75   -0.04000   0.00 
1954.83   -0.03400   0.00 
1954.92   -0.05900   0.00 
1955.00    0.06800   0.00 
1955.08    0.03300   0.00 
1955.17    0.03400   0.00 
1955.25    0.08800   0.00 
1955.33    0.16900   0.00 
1955.42    0.18600   0.00 
1955.50    0.26100   0.00 
1955.58    0.16700   0.00 
1955.67    0.19500   0.00 
1955.75    0.27100   0.00 
1955.83    0.37800   0.00 
1955.92    0.24900   0.00 
1956.00    0.17900   0.00 
1956.08    0.08700   0.00 
1956.17    0.00600   0.00 
1956.25    0.05600   0.00 
1956.33   -0.06600   0.00 
1956.42   -0.27200   0.00 
1956.50   -0.09800   0.00 
1956.58   -0.10600   0.00 
1956.67   -0.09700   0.00 
1956.75   -0.05100   0.00 
1956.83   -0.09500   0.00 
1956.92    0.01100   0.00 
1957.00   -0.08900   0.00 
1957.08   -0.11400   0.00 
1957.17   -0.02700   0.00 
1957.25   -0.08200   0.00 
1957.33   -0.12900   0.00 
1957.42   -0.02000   0.00 
1957.50    0.03200   0.00 
1957.58    0.19400   0.00 
1957.67    0.21300   0.00 
1957.75    0.14100   0.00 
1957.83    0.07600   0.00 
1957.92    0.07100   0.00 
1958.00    0.04000   0.00 
1958.08    0.18000   0.00 
1958.17    0.33600   0.00 
1958.25    0.33800   0.00 
1958.33    0.19300   0.00 
1958.42    0.21300   0.00 
1958.50    0.15600   0.00 
1958.58    0.15200   0.00 
1958.67    0.20400   0.00 
1958.75    0.14300   0.00 
1958.83    0.17600   0.00 
1958.92    0.21100   0.00 
1959.00    0.09100   0.00 
1959.08    0.10600   0.00 
1959.17   -0.03600   0.00 
1959.25   -0.01300   0.00 
1959.33   -0.00200   0.00 
1959.42   -0.06800   0.00 
1959.50   -0.04100   0.00 
1959.58    0.00300   0.00 
1959.67    0.11600   0.00 
1959.75    0.10300   0.00 
1959.83    0.04200   0.00 
1959.92    0.10000   0.00 
1960.00    0.16700   0.00 
1960.08    0.20700   0.00 
1960.17    0.07900   0.00 
1960.25    0.08800   0.00 
1960.33    0.29300   0.00 
1960.42    0.31000   0.00 
1960.50    0.26100   0.00 
1960.58    0.32600   0.00 
1960.67    0.20100   0.00 
1960.75    0.28700   0.00 
1960.83    0.24100   0.00 
1960.92    0.12800   0.00 
1961.00    0.05100   0.00 
1961.08    0.07100   0.00 
1961.17    0.13900   0.00 
1961.25    0.21700   0.00 
1961.33    0.18400   0.00 
1961.42    0.02300   0.00 
1961.50   -0.02900   0.00 
1961.58    0.02600   0.00 
1961.67   -0.00700   0.00 
1961.75    0.01900   0.00 
1961.83    0.05700   0.00 
1961.92    0.20300   0.00 
1962.00    0.13900   0.00 
1962.08    0.14200   0.00 
1962.17    0.15500   0.00 
1962.25    0.07700   0.00 
1962.33    0.01300   0.00 
1962.42   -0.08100   0.00 
1962.50   -0.01800   0.00 
1962.58   -0.07300   0.00 
1962.67   -0.00600   0.00 
1962.75    0.05500   0.00 
1962.83    0.03600   0.00 
1962.92    0.18000   0.00 
1963.00    0.14700   0.00 
1963.08    0.15500   0.00 
1963.17    0.12300   0.00 
1963.25    0.09300   0.00 
1963.33   -0.09500   0.00 
1963.42   -0.05800   0.00 
1963.50   -0.04600   0.00 
1963.58   -0.08400   0.00 
1963.67   -0.21300   0.00 
1963.75   -0.08200   0.00 
1963.83   -0.06800   0.00 
1963.92   -0.07100   0.00 
1964.00   -0.08600   0.00 
1964.08    0.01000   0.00 
1964.17    0.02800   0.00 
1964.25   -0.15700   0.00 
1964.33    0.03000   0.00 
1964.42   -0.00700   0.00 
1964.50   -0.15500   0.00 
1964.58   -0.24500   0.00 
1964.67   -0.23100   0.00 
1964.75   -0.28200   0.00 
1964.83   -0.17700   0.00 
1964.92   -0.13200   0.00 
1965.00   -0.21000   0.00 
1965.08   -0.18800   0.00 
1965.17   -0.08900   0.00 
1965.25   -0.10800   0.00 
1965.33   -0.11000   0.00 
1965.42   -0.13800   0.00 
1965.50   -0.19900   0.00 
1965.58   -0.22100   0.00 
1965.67   -0.23300   0.00 
1965.75   -0.25900   0.00 
1965.83   -0.28800   0.00 
1965.92   -0.13500   0.00 
1966.00   -0.08700   0.00 
1966.08   -0.00100   0.00 
1966.17   -0.02100   0.00 
1966.25    0.03200   0.00 
1966.33   -0.01000   0.00 
1966.42   -0.05700   0.00 
1966.50   -0.06700   0.00 
1966.58   -0.05500   0.00 
1966.67   -0.01200   0.00 
1966.75    0.00200   0.00 
1966.83   -0.00900   0.00 
1966.92    0.06800   0.00 
1967.00    0.07000   0.00 
1967.08    0.07600   0.00 
1967.17   -0.04600   0.00 
1967.25   -0.02700   0.00 
1967.33   -0.19900   0.00 
1967.42   -0.27300   0.00 
1967.50   -0.24200   0.00 
1967.58   -0.17700   0.00 
1967.67   -0.10900   0.00 
1967.75   -0.11200   0.00 
1967.83   -0.24600   0.00 
1967.92   -0.16500   0.00 
1968.00   -0.25900   0.00 
1968.08   -0.21000   0.00 
1968.17   -0.22100   0.00 
1968.25   -0.16800   0.00 
1968.33   -0.13600   0.00 
1968.42   -0.27500   0.00 
1968.50   -0.24200   0.00 
1968.58   -0.22600   0.00 
1968.67   -0.16200   0.00 
1968.75   -0.12600   0.00 
1968.83   -0.12000   0.00 
1968.92   -0.13900   0.00 
1969.00   -0.07500   0.00 
1969.08    0.09200   0.00 
1969.17    0.19400   0.00 
1969.25    0.13600   0.00 
1969.33   -0.00200   0.00 
1969.42    0.01600   0.00 
1969.50    0.08100   0.00 
1969.58   -0.11400   0.00 
1969.67   -0.12000   0.00 
1969.75   -0.19800   0.00 
1969.83   -0.13700   0.00 
1969.92   -0.04400   0.00 
1970.00   -0.02300   0.00 
1970.08   -0.06100   0.00 
1970.17    0.00600   0.00 
1970.25    0.00700   0.00 
1970.33   -0.05900   0.00 
1970.42   -0.19500   0.00 
1970.50   -0.21300   0.00 
1970.58   -0.15300   0.00 
1970.67   -0.15100   0.00 
1970.75   -0.20900   0.00 
1970.83   -0.25300   0.00 
1970.92   -0.22200   0.00 
1971.00   -0.25900   0.00 
1971.08   -0.30500   0.00 
1971.17   -0.32300   0.00 
1971.25   -0.42600   0.00 
1971.33   -0.33900   0.00 
1971.42   -0.37600   0.00 
1971.50   -0.36200   0.00 
1971.58   -0.44800   0.00 
1971.67   -0.37900   0.00 
1971.75   -0.24800   0.00 
1971.83   -0.25600   0.00 
1971.92   -0.32100   0.00 
1972.00   -0.33100   0.00 
1972.08   -0.39300   0.00 
1972.17   -0.45200   0.00 
1972.25   -0.33900   0.00 
1972.33   -0.48200   0.00 
1972.42   -0.50100   0.00 
1972.50   -0.38800   0.00 
1972.58   -0.39600   0.00 
1972.67   -0.31600   0.00 
1972.75   -0.29900   0.00 
1972.83   -0.29000   0.00 
1972.92   -0.36400   0.00 
1973.00   -0.38700   0.00 
1973.08   -0.40600   0.00 
1973.17   -0.35700   0.00 
1973.25   -0.27700   0.00 
1973.33   -0.18200   0.00 
1973.42   -0.18800   0.00 
1973.50   -0.11700   0.00 
1973.58   -0.14600   0.00 
1973.67   -0.14400   0.00 
1973.75   -0.22900   0.00 
1973.83   -0.22200   0.00 
1973.92   -0.25100   0.00 
1974.00   -0.28900   0.00 
1974.08   -0.29600   0.00 
1974.17   -0.41400   0.00 
1974.25   -0.53600   0.00 
1974.33   -0.51300   0.00 
1974.42   -0.46000   0.00 
1974.50   -0.52800   0.00 
1974.58   -0.48100   0.00 
1974.67   -0.51900   0.00 
1974.75   -0.52100   0.00 
1974.83   -0.43900   0.00 
1974.92   -0.37400   0.00 
1975.00   -0.28600   0.00 
1975.08   -0.35100   0.00 
1975.17   -0.32200   0.00 
1975.25   -0.35800   0.00 
1975.33   -0.40100   0.00 
1975.42   -0.30800   0.00 
1975.50   -0.28500   0.00 
1975.58   -0.19800   0.00 
1975.67   -0.34900   0.00 
1975.75   -0.36700   0.00 
1975.83   -0.35400   0.00 
1975.92   -0.33500   0.00 
1976.00   -0.39800   0.00 
1976.08   -0.45400   0.00 
1976.17   -0.50700   0.00 
1976.25   -0.43900   0.00 
1976.33   -0.50100   0.00 
1976.42   -0.49700   0.00 
1976.50   -0.32000   0.00 
1976.58   -0.19800   0.00 
1976.67   -0.20600   0.00 
1976.75   -0.30600   0.00 
1976.83   -0.42900   0.00 
1976.92   -0.44500   0.00 
1977.00   -0.40200   0.00 
1977.08   -0.34600   0.00 
1977.17   -0.19600   0.00 
1977.25   -0.23000   0.00 
1977.33   -0.18300   0.00 
1977.42   -0.12000   0.00 
1977.50   -0.11900   0.00 
1977.58   -0.15800   0.00 
1977.67   -0.24500   0.00 
1977.75   -0.23700   0.00 
1977.83   -0.15600   0.00 
1977.92   -0.21800   0.00 
1978.00   -0.11900   0.00 
1978.08   -0.16000   0.00 
1978.17   -0.17100   0.00 
1978.25   -0.20800   0.00 
1978.33   -0.21700   0.00 
1978.42   -0.34600   0.00 
1978.50   -0.28900   0.00 
1978.58   -0.24000   0.00 
1978.67   -0.20300   0.00 
1978.75   -0.22000   0.00 
1978.83   -0.13200   0.00 
1978.92   -0.19500   0.00 
1979.00   -0.20500   0.00 
1979.08   -0.16400   0.00 
1979.17   -0.24100   0.00 
1979.25   -0.25000   0.00 
1979.33   -0.13000   0.00 
1979.42   -0.05500   0.00 
1979.50   -0.10700   0.00 
1979.58   -0.12800   0.00 
1979.67   -0.12200   0.00 
1979.75   -0.10000   0.00 
1979.83   -0.09800   0.00 
1979.92   -0.07200   0.00 
1980.00   -0.01400   0.00 
1980.08   -0.09100   0.00 
1980.17   -0.15100   0.00 
1980.25   -0.01300   0.00 
1980.33    0.11700   0.00 
1980.42    0.09600   0.00 
1980.50    0.03800   0.00 
1980.58    0.01100   0.00 
1980.67   -0.02000   0.00 
1980.75   -0.07400   0.00 
1980.83   -0.20900   0.00 
1980.92   -0.26100   0.00 
1981.00   -0.18900   0.00 
1981.08   -0.18800   0.00 
1981.17   -0.00700   0.00 
1981.25   -0.10300   0.00 
1981.33   -0.09100   0.00 
1981.42   -0.07000   0.00 
1981.50   -0.10200   0.00 
1981.58   -0.12300   0.00 
1981.67   -0.04400   0.00 
1981.75   -0.19400   0.00 
1981.83   -0.14400   0.00 
1981.92   -0.01400   0.00 
1982.00   -0.08900   0.00 
1982.08   -0.08600   0.00 
1982.17   -0.08800   0.00 
1982.25   -0.19000   0.00 
1982.33   -0.19900   0.00 
1982.42   -0.19200   0.00 
1982.50   -0.23600   0.00 
1982.58   -0.31700   0.00 
1982.67   -0.31500   0.00 
1982.75   -0.37900   0.00 
1982.83   -0.42500   0.00 
1982.92   -0.38800   0.00 
1983.00   -0.30600   0.00 
1983.08   -0.11200   0.00 
1983.17    0.07300   0.00 
1983.25    0.05100   0.00 
1983.33   -0.05600   0.00 
1983.42   -0.06200   0.00 
1983.50   -0.02300   0.00 
1983.58   -0.16600   0.00 
1983.67   -0.22400   0.00 
1983.75   -0.20300   0.00 
1983.83   -0.16600   0.00 
1983.92   -0.01100   0.00 
1984.00   -0.11400   0.00 
1984.08   -0.09600   0.00 
1984.17   -0.13300   0.00 
1984.25   -0.16500   0.00 
1984.33   -0.17400   0.00 
1984.42   -0.33300   0.00 
1984.50   -0.27400   0.00 
1984.58   -0.23400   0.00 
1984.67   -0.21700   0.00 
1984.75   -0.35200   0.00 
1984.83   -0.43200   0.00 
1984.92   -0.32600   0.00 
1985.00   -0.36300   0.00 
1985.08   -0.33800   0.00 
1985.17   -0.36500   0.00 
1985.25   -0.40900   0.00 
1985.33   -0.34600   0.00 
1985.42   -0.13600   0.00 
1985.50   -0.16100   0.00 
1985.58   -0.29000   0.00 
1985.67   -0.25600   0.00 
1985.75   -0.25400   0.00 
1985.83   -0.30400   0.00 
1985.92   -0.34500   0.00 
1986.00   -0.35200   0.00 
1986.08   -0.28400   0.00 
1986.17   -0.30100   0.00 
1986.25   -0.33300   0.00 
1986.33   -0.23700   0.00 
1986.42   -0.27000   0.00 
1986.50   -0.25800   0.00 
1986.58   -0.28100   0.00 
1986.67   -0.22900   0.00 
1986.75   -0.32700   0.00 
1986.83   -0.40600   0.00 
1986.92   -0.38000   0.00 
1987.00   -0.28700   0.00 
1987.08   -0.22700   0.00 
1987.17   -0.04200   0.00 
1987.25    0.02000   0.00 
1987.33    0.05900   0.00 
1987.42    0.19400   0.00 
1987.50    0.27000   0.00 
1987.58    0.27000   0.00 
1987.67    0.18500   0.00 
1987.75    0.03700   0.00 
1987.83   -0.07900   0.00 
1987.92    0.03400   0.00 
1988.00   -0.05100   0.00 
1988.08   -0.12600   0.00 
1988.17   -0.02100   0.00 
1988.25    0.04000   0.00 
1988.33    0.12600   0.00 
1988.42    0.15400   0.00 
1988.50    0.09800   0.00 
1988.58   -0.02000   0.00 
1988.67   -0.10700   0.00 
1988.75   -0.18300   0.00 
1988.83   -0.16000   0.00 
1988.92   -0.17700   0.00 
1989.00   -0.23400   0.00 
1989.08   -0.16900   0.00 
1989.17   -0.26600   0.00 
1989.25   -0.30200   0.00 
1989.33   -0.16000   0.00 
1989.42    0.07800   0.00 
1989.50    0.16400   0.00 
1989.58    0.10000   0.00 
1989.67   -0.10800   0.00 
1989.75   -0.13600   0.00 
1989.83   -0.16300   0.00 
1989.92   -0.16600   0.00 
1990.00   -0.31200   0.00 
1990.08   -0.17500   0.00 
1990.17   -0.19200   0.00 
1990.25   -0.13100   0.00 
1990.33   -0.07200   0.00 
1990.42   -0.07000   0.00 
1990.50   -0.03500   0.00 
1990.58    0.03900   0.00 
1990.67    0.13300   0.00 
1990.75    0.09900   0.00 
1990.83   -0.06700   0.00 
1990.92   -0.05000   0.00 
1991.00   -0.20900   0.00 
1991.08   -0.13100   0.00 
1991.17   -0.08300   0.00 
1991.25   -0.14700   0.00 
1991.33   -0.16800   0.00 
1991.42   -0.14400   0.00 
1991.50   -0.12200   0.00 
1991.58   -0.12300   0.00 
1991.67   -0.05200   0.00 
1991.75   -0.27700   0.00 
1991.83   -0.27600   0.00 
1991.92   -0.22900   0.00 
1992.00   -0.20500   0.00 
1992.08   -0.10900   0.00 
1992.17   -0.10800   0.00 
1992.25   -0.19900   0.00 
1992.33   -0.23700   0.00 
1992.42   -0.16600   0.00 
1992.50   -0.23500   0.00 
1992.58   -0.39600   0.00 
1992.67   -0.38500   0.00 
1992.75   -0.31600   0.00 
1992.83   -0.35000   0.00 
1992.92   -0.30000   0.00 
1993.00   -0.25600   0.00 
1993.08   -0.20200   0.00 
1993.17   -0.26000   0.00 
1993.25   -0.18900   0.00 
1993.33   -0.18000   0.00 
1993.42   -0.19700   0.00 
1993.50   -0.29300   0.00 
1993.58   -0.24500   0.00 
1993.67   -0.18100   0.00 
1993.75   -0.25900   0.00 
1993.83   -0.33500   0.00 
1993.92   -0.31000   0.00 
1994.00   -0.31300   0.00 
1994.08   -0.32600   0.00 
1994.17   -0.29600   0.00 
1994.25   -0.21700   0.00 
1994.33   -0.22400   0.00 
1994.42   -0.23900   0.00 
1994.50   -0.24800   0.00 
1994.58   -0.25200   0.00 
1994.67   -0.16900   0.00 
1994.75   -0.07600   0.00 
1994.83   -0.03700   0.00 
1994.92   -0.10800   0.00 
1995.00   -0.08000   0.00 
1995.08   -0.05700   0.00 
1995.17   -0.00100   0.00 
1995.25    0.05800   0.00 
1995.33    0.25400   0.00 
1995.42    0.34600   0.00 
1995.50    0.29600   0.00 
1995.58    0.16500   0.00 
1995.67    0.03600   0.00 
1995.75    0.08400   0.00 
1995.83    0.10900   0.00 
1995.92    0.02400   0.00 
1996.00   -0.02800   0.00 
1996.08   -0.05000   0.00 
1996.17   -0.07500   0.00 
1996.25   -0.00800   0.00 
1996.33   -0.08300   0.00 
1996.42   -0.14100   0.00 
1996.50   -0.12300   0.00 
1996.58   -0.02600   0.00 
1996.67   -0.02000   0.00 
1996.75   -0.16300   0.00 
1996.83   -0.19200   0.00 
1996.92   -0.17300   0.00 
1997.00   -0.10900   0.00 
1997.08   -0.05400   0.00 
1997.17   -0.01300   0.00 
1997.25   -0.01100   0.00 
1997.33    0.02100   0.00 
1997.42   -0.01000   0.00 
1997.50    0.04200   0.00 
1997.58   -0.00300   0.00 
1997.67    0.09100   0.00 
1997.75    0.13200   0.00 
1997.83    0.03300   0.00 
1997.92    0.11300   0.00 
1998.00    0.11200   0.00 
1998.08    0.27300   0.00 
1998.17    0.30300   0.00 
1998.25    0.27300   0.00 
1998.33    0.36500   0.00 
1998.42    0.47100   0.00 
1998.50    0.46900   0.00 
1998.58    0.49400   0.00 
1998.67    0.39400   0.00 
1998.75    0.36300   0.00 
1998.83    0.29800   0.00 
1998.92    0.26100   0.00 
1999.00    0.03200   0.00 
1999.08    0.03900   0.00 
1999.17    0.05000   0.00 
1999.25    0.03300   0.00 
1999.33    0.14400   0.00 
1999.42    0.16100   0.00 
1999.50    0.17900   0.00 
1999.58    0.28800   0.00 
1999.67    0.16600   0.00 
1999.75   -0.00200   0.00 
1999.83   -0.06700   0.00 
1999.92   -0.00400   0.00 
2000.00   -0.10200   0.00 
2000.08   -0.05700   0.00 
2000.17    0.08500   0.00 
2000.25    0.02300   0.00 
2000.33    0.08600   0.00 
2000.42   -0.03700   0.00 
2000.50    0.05300   0.00 
2000.58    0.08400   0.00 
2000.67    0.08300   0.00 
2000.75   -0.05900   0.00 
2000.83   -0.07200   0.00 
2000.92   -0.14600   0.00 
2001.00   -0.14600   0.00 
2001.08   -0.04600   0.00 
2001.17   -0.00500   0.00 
2001.25   -0.03100   0.00 
2001.33   -0.02800   0.00 
2001.42    0.17900   0.00 
2001.50    0.11600   0.00 
2001.58    0.15800   0.00 
2001.67    0.26700   0.00 
2001.75    0.23200   0.00 
2001.83    0.13700   0.00 
2001.92    0.19400   0.00 
2002.00    0.16200   0.00 
2002.08    0.14600   0.00 
2002.17    0.12500   0.00 
2002.25    0.00800   0.00 
2002.33   -0.06800   0.00 
2002.42   -0.13600   0.00 
2002.50   -0.08500   0.00 
2002.58    0.08700   0.00 
2002.67    0.06000   0.00 
2002.75    0.09200   0.00 
2002.83    0.00000   0.00 
2002.92   -0.01500   0.00 
2003.00    0.03100   0.00 
2003.08   -0.03200   0.00 
2003.17    0.09300   0.00 
2003.25    0.06000   0.00 
2003.33    0.13200   0.00 
2003.42    0.18600   0.00 
2003.50    0.25700   0.00 
2003.58    0.39600   0.00 
2003.67    0.43200   0.00 
2003.75    0.40700   0.00 
2003.83    0.20400   0.00 
2003.92    0.20500   0.00 
2004.00    0.19100   0.00 
2004.08    0.19000   0.00 
2004.17    0.13800   0.00 
2004.25    0.08900   0.00 
2004.33   -0.01400   0.00 
2004.42    0.15800   0.00 
2004.50    0.20800   0.00 
2004.58    0.29700   0.00 
2004.67    0.22100   0.00 
2004.75    0.22200   0.00 
2004.83    0.20100   0.00 
2004.92    0.16800   0.00 
2005.00    0.09100   0.00 
2005.08    0.10600   0.00 
2005.17    0.26400   0.00 
2005.25    0.27200   0.00 
2005.33    0.27300   0.00 
2005.42    0.30700   0.00 
2005.50    0.42700   0.00 
2005.58    0.42000   0.00 
2005.67    0.39900   0.00 
2005.75    0.21800   0.00 
2005.83    0.12000   0.00 
2005.92    0.19600   0.00 
2006.00    0.10400   0.00 
2006.08    0.05500   0.00 
2006.17    0.04000   0.00 
2006.25    0.17700   0.00 
2006.33    0.28800   0.00 
2006.42    0.31300   0.00 
2006.50    0.35400   0.00 
2006.58    0.38100   0.00 
2006.67    0.34400   0.00 
2006.75    0.31400   0.00 
2006.83    0.26900   0.00 
2006.92    0.15100   0.00 
2007.00    0.15100   0.00 
2007.08    0.19700   0.00 
2007.17    0.10700   0.00 
2007.25    0.13900   0.00 
2007.33    0.09100   0.00 
2007.42    0.06800   0.00 
2007.50    0.10900   0.00 
2007.58    0.03500   0.00 
2007.67    0.07800   0.00 
2007.75    0.13800   0.00 
2007.83    0.15600   0.00 
2007.92    0.09100   0.00 
2008.00    0.01000   0.00 
2008.08    0.10800   0.00 
2008.17    0.13800   0.00 
2008.25    0.02200   0.00 
2008.33    0.15200   0.00 
2008.42    0.23600   0.00 
2008.50    0.18600   0.00 
2008.58    0.15500   0.00 
2008.67    0.17800   0.00 
2008.75    0.08200   0.00 
2008.83   -0.01900   0.00 
2008.92   -0.00200   0.00 
2009.00   -0.07900   0.00 
2009.08   -0.18500   0.00 
2009.17   -0.18000   0.00 
2009.25   -0.15100   0.00 
2009.33   -0.08200   0.00 
2009.42    0.10100   0.00 
2009.50    0.20800   0.00 
2009.58    0.13200   0.00 
2009.67    0.03700   0.00 
2009.75    0.14400   0.00 
2009.83    0.04900   0.00 
2009.92    0.06200   0.00 
2010.00    0.01900   0.00 
2010.08    0.15700   0.00 
2010.17    0.26700   0.00 
2010.25    0.40500   0.00 
2010.33    0.43900   0.00 
2010.42    0.42700   0.00 
2010.50    0.42900   0.00 
2010.58    0.50500   0.00 
2010.67    0.42800   0.00 
2010.75    0.30300   0.00 
2010.83    0.21500   0.00 
2010.92    0.18700   0.00 
2011.00    0.12300   0.00 
2011.08    0.08700   0.00 
2011.17    0.03400   0.00 
2011.25    0.07100   0.00 
2011.33    0.13100   0.00 
2011.42    0.15700   0.00 
2011.50    0.07100   0.00 
2011.58    0.12600   0.00 
2011.67    0.12300   0.00 
2011.75    0.04200   0.00 
2011.83   -0.09200   0.00 
2011.92   -0.06600   0.00 
2012.00   -0.08600   0.00 
2012.08   -0.01700   0.00 
2012.17    0.00500   0.00 
2012.25    0.05900   0.00 
2012.33    0.14300   0.00 
2012.42    0.27900   0.00 
2012.50    0.35400   0.00 
2012.58    0.41000   0.00 
2012.67    0.42700   0.00 
2012.75    0.30800   0.00 
2012.83    0.14400   0.00 
2012.92    0.12000   0.00 
2013.00    0.10700   0.00 
2013.08    0.09400   0.00 
2013.17    0.13700   0.00 
2013.25    0.11500   0.00 
2013.33    0.08000   0.00 
2013.42    0.02500   0.00 
2013.50    0.16900   0.00 
2013.58    0.17300   0.00 
2013.67    0.23300   0.00 
2013.75    0.32500   0.00 
2013.83    0.10700   0.00 
2013.92    0.01500   0.00 
2014.00   -0.08300   0.00 
2014.08   -0.06400   0.00 
2014.17   -0.10300   0.00 
2014.25   -0.11600   0.00 
2014.33   -0.02300   0.00 
2014.42    0.04000   0.00 
2014.50    0.20000   0.00 
2014.58    0.31300   0.00 
2014.67    0.28800   0.00 
2014.75    0.27000   0.00 
2014.83    0.04300   0.00 
2014.92    0.03700   0.00 
2015.00   -0.03000   0.00 
2015.08   -0.02600   0.00 
2015.17   -0.15100   0.00 
2015.25   -0.09300   0.00 
2015.33    0.02300   0.00 
2015.42    0.00700   0.00 
2015.50    0.11000   0.00 
2015.58    0.15600   0.00 
2015.67    0.27800   0.00 
2015.75    0.30200   0.00 
2015.83    0.16400   0.00 
2015.92    0.20700   0.00 
2016.00    0.20900   0.00 
2016.08    0.13300   0.00 
2016.17    0.16600   0.00 
2016.25    0.15500   0.00 
2016.33    0.32200   0.00 
2016.42    0.38700   0.00 
2016.50    0.41000   0.00 
2016.58    0.43400   0.00 
2016.67    0.43500   0.00 
2016.75    0.35800   0.00 
2016.83    0.36800   0.00 
2016.92    0.31300   0.00 
2017.00    0.20300   0.00 
2017.08    0.20400   0.00 
2017.17    0.14500   0.00 
2017.25    0.26000   0.00 
2017.33    0.29200   0.00 
2017.42    0.28500   0.00 
2017.50    0.28000   0.00 
2017.58    0.28700   0.00 
2017.67    0.32800   0.00 
2017.75    0.41100   0.00 
2017.83    0.32900   0.00 
2017.92    0.34100   0.00 
2018.00    0.15000   0.00 
2018.08    0.04000   0.00 
2018.17    0.10900   0.00 
2018.25    0.04100   0.00 
2018.33   -0.02300   0.00 
2018.42   -0.03400   0.00 
2018.50   -0.00500   0.00 
2018.58    0.09000   0.00 
2018.67    0.13900   0.00 
2018.75    0.12100   0.00 
2018.83   -0.14300   0.00 
2018.92   -0.08300   0.00 
2019.00   -0.03700   0.00 
2019.08    0.05800   0.00 
2019.17    0.09900   0.00 
2019.25    0.10100   0.00 
2019.33    0.06500   0.00 
2019.42    0.15100   0.00 
2019.50    0.32900   0.00 
2019.58    0.31500   0.00 
2019.67    0.22300   0.00 
2019.75    0.13600   0.00 
2019.83    0.08700   0.00 
2019.92    0.14200   0.00 
2020.00    0.07300   0.00 
2020.08    0.33300   0.00 
2020.17    0.34600   0.00 
2020.25    0.34700   0.00 
2020.33    0.24300   0.00 
2020.42    0.24900   0.00 
2020.50    0.34100   0.00 
2020.58    0.42500   0.00 
2020.67    0.29600   0.00 
2020.75    0.28900   0.00 
2020.83    0.11300   0.00 
2020.92    0.16300   0.00 
2021.00    0.12600   0.00 
2021.08    0.13900   0.00 
2021.17    0.11200   0.00 
2021.25    0.05400   0.00 
2021.33    0.07200   0.00 
2021.42    0.13900   0.00 
2021.50    0.21000   0.00 
2021.58    0.24500   0.00 
2021.67    0.40200   0.00 
2021.75    0.47500   0.00 
2021.83    0.44500   0.00 
2021.92    0.25200   0.00 
2022.00    0.17600   0.00 
2022.08    0.13300   0.00 
2022.17    0.00900   0.00 
2022.25    0.11000   0.00 
2022.33    0.19700   0.00 
2022.42    0.19900   0.00 
2022.50    0.13600   0.00 
2022.58    0.35800   0.00 
2022.67    0.66200   0.00 
2022.75    0.48300   0.00 
2022.83    0.28200   0.00 
2022.92    0.21800   0.00 
2023.00    0.19200   0.00 
