1940.33584 1
1940.53242 1
1940.72355 1
1940.84369 1
1941.27379 1
1941.44353 1
1941.61875 1
1941.75291 1
1941.84873 1
1942.17248 1
1942.26831 1
1942.36413 1
1942.41342 1
1942.74196 1
1942.83504 1
1943.26283 1
1943.41342 1
1943.73101 1
1944.18294 1
1944.52969 1
1944.7372 1
1944.83003 1
1945.23546 1
1945.60507 1
1945.73648 1
1946.38877 1
1946.45448 1
1946.49281 1
1946.7666 1
1947.16427 1
1947.44079 1
1947.85147 1
1948.21843 1
1948.31126 1
1948.51877 1
1948.67986 1
1949.3258 1
1949.81588 1
1950.13689 1
1950.30116 1
1950.39699 1
1950.59685 1
1950.6653 1
1950.76386 1
1950.85969 1
1951.45175 1
1951.55031 1
1951.62697 1
1951.80219 1
1952.24027 1
1952.80273 1
1953.27105 1
1953.44627 1
1953.81588 1
1954.2601 1
1954.37782 1
1954.49008 1
1954.62971 1
1954.74196 1
1954.86242 1
1955.27105 1
1955.34497 1
1955.42163 1
1955.52841 1
1955.77755 1
1956.16382 1
1956.24573 1
1956.3959 1
1956.51877 1
1956.61706 1
1956.71263 1
1956.84096 1
1957.14511 1
1957.25462 1
1957.44901 1
1957.5859 1
1957.85147 1
1958.12868 1
1958.28474 1
1958.46543 1
1958.77481 1
1959.31211 1
1959.43806 1
1959.62423 1
1959.80767 1
1960.59249 1
1960.7099 1
1960.76997 1
1961.4052 1
1961.56126 1
1961.76934 1
1961.80767 1
1962.23819 1
1962.37509 1
1962.72005 1
1962.81588 1
1963.2245 1
1963.39151 1
1963.45175 1
1963.63792 1
1963.84873 1
1964.21843 1
1964.35222 1
1964.8901 1
1965.27379 1
1965.4052 1
1965.64887 1
1965.71458 1
1965.79398 1
1966.32854 1
1966.55852 1
1966.79124 1
1967.28747 1
1967.43258 1
1967.68446 1
1967.87064 1
1968.14471 1
1968.31126 1
1968.3959 1
1968.59249 1
1968.7099 1
1968.84369 1
1969.2026 1
1969.33128 1
1969.43806 1
1969.61328 1
1970.14511 1
1970.34223 1
1970.49281 1
1970.61054 1
1971.21629 1
1971.32307 1
1971.46543 1
1971.63792 1
1971.7885 1
1972.0901 1
1972.3058 1
1972.48874 1
1972.56246 1
1972.61706 1
1972.8 1
1973.26831 1
1973.46817 1
1973.59411 1
1973.76934 1
1973.85969 1
1974.19986 1
1974.33402 1
1974.52019 1
1974.62971 1
1974.6872 1
1974.77207 1
1974.86516 1
1975.29569 1
1975.40246 1
1975.46543 1
1975.62971 1
1975.77481 1
1976.33857 1
1976.41229 1
1976.56519 1
1976.71536 1
1976.84915 1
1977.28747 1
1977.45722 1
1977.56674 1
1977.75291 1
1977.84326 1
1978.14784 1
1978.21629 1
1978.38604 1
1978.58864 1
1978.80767 1
1979.09582 1
1979.18617 1
1979.31211 1
1979.40794 1
1979.62423 1
1979.73374 1
1979.846 1
1980.26212 1
1980.34676 1
1980.52969 1
1980.62253 1
1980.77543 1
1980.87372 1
1981.17796 1
1981.38604 1
1981.51198 1
1981.57495 1
1981.68994 1
1981.74743 1
1981.82957 1
1982.25462 1
1982.32854 1
1982.44627 1
1982.564 1
1982.63792 1
1982.76386 1
1982.87337 1
1983.20534 1
1983.38877 1
1983.68172 1
1983.77755 1
1984.08737 1
1984.25666 1
1984.40683 1
1984.59795 1
1984.69078 1
1984.76724 1
1985.08761 1
1985.34497 1
1985.39699 1
1985.67077 1
1986.24093 1
1986.30938 1
1986.4271 1
1986.53114 1
1986.62149 1
1986.7091 1
1986.80493 1
1987.13689 1
1987.26557 1
1987.34497 1
1987.41889 1
1987.5065 1
1987.58316 1
1987.72553 1
1987.78029 1
1988.20205 1
1988.3058 1
1988.42867 1
1988.63345 1
1988.75358 1
1989.1588 1
1989.29295 1
1989.51472 1
1989.6653 1
1989.73101 1
1989.82957 1
1990.13689 1
1990.25188 1
1990.4271 1
1990.50103 1
1990.66256 1
1990.72827 1
1991.21081 1
1991.34771 1
1991.45448 1
1991.76934 1
1991.85695 1
1992.10102 1
1992.21843 1
1992.30307 1
1992.4314 1
1992.61433 1
1992.6744 1
1992.78908 1
1992.89283 1
1993.10678 1
1993.51198 1
1993.65435 1
1993.73374 1
1993.81588 1
1994.26831 1
1994.36413 1
1994.67625 1
1995.2245 1
1995.38877 1
1995.45996 1
1995.69815 1
1996.36587 1
1996.51877 1
1996.7372 1
1996.79181 1
1997.47912 1
1997.57221 1
1997.65708 1
1998.16153 1
1998.31211 1
1998.50924 1
1998.564 1
1998.63244 1
1998.75291 1
1998.82409 1
1999.13689 1
1999.2245 1
1999.36687 1
1999.6078 1
1999.73374 1
2000.09556 1
2000.41775 1
2000.51877 1
2000.76451 1
2001.20534 1
2001.282 1
2001.34223 1
2001.44353 1
2001.52841 1
2001.68172 1
2001.90075 1
2002.08487 1
2002.22177 1
2002.27379 1
2002.37235 1
2002.53388 1
2002.64339 1
2002.73101 1
2002.846 1
2003.38604 1
2003.76386 1
2004.21297 1
2004.34676 1
2004.41502 1
2004.73447 1
2004.80546 1
2005.49281 1
2005.61328 1
2005.69268 1
2005.76386 1
2006.25736 1
2006.37235 1
2006.62149 1
2006.72279 1
2007.37509 1
2007.43532 1
2007.55578 1
2007.61054 1
2008.13652 1
2008.20478 1
2008.29761 1
2008.43686 1
2008.5215 1
2008.60614 1
2008.69898 1
2008.80546 1
2009.18617 1
2009.37235 1
2009.8104 1
2010.37509 1
2010.45448 1
2010.64339 1
2010.74743 1
2011.21629 1
2011.42163 1
2011.54209 1
2011.80219 1
2012.3686 1
2012.42867 1
2012.53515 1
2012.66075 1
2012.72082 1
2012.7727 1
2012.83276 1
2013.32854 1
2013.40794 1
2013.49829 1
2013.56947 1
2013.71732 1
2013.846 1
2014.20534 1
2014.55852 1
2014.6653 1
2014.83231 1
2015.14784 1
2015.25462 1
2015.34497 1
2015.58864 1
2015.7091 1
2015.7885 1
2016.06553 1
2016.14744 1
2016.36314 1
2016.41229 1
2016.63891 1
2016.7099 1
2017.19713 1
2017.35592 1
2017.49555 1
2017.67625 1
2017.83231 1
2018.11225 1
2018.35592 1
2018.65435 1
2019.18891 1
2019.4052 1
2019.57495 1
2019.62971 1
2019.74743 1
2020.11741 1
2020.18567 1
2020.37133 1
2020.44505 1
2020.54334 1
2020.66348 1
2020.75631 1
2021.38056 1
2021.52019 1
2021.70637 1
2022.11499 1
2022.25736 1
2022.75291 1
2023.29021 1
2023.65161 1
2023.8679 1
2024.19659 1
2024.32218 1
2024.42321 1
2024.49966 1
2024.67167 1
2024.74812 1
