dates    nao    ???
1950.00    0.92000   0.00
1950.08    0.40000   0.00
1950.17   -0.36000   0.00
1950.25    0.73000   0.00
1950.33   -0.59000   0.00
1950.42   -0.06000   0.00
1950.50   -1.26000   0.00
1950.58   -0.05000   0.00
1950.67    0.25000   0.00
1950.75    0.85000   0.00
1950.83   -1.26000   0.00
1950.92   -1.02000   0.00
1951.00    0.08000   0.00
1951.08    0.70000   0.00
1951.17   -1.02000   0.00
1951.25   -0.22000   0.00
1951.33   -0.59000   0.00
1951.42   -1.64000   0.00
1951.50    1.37000   0.00
1951.58   -0.22000   0.00
1951.67   -1.36000   0.00
1951.75    1.87000   0.00
1951.83   -0.39000   0.00
1951.92    1.32000   0.00
1952.00    0.93000   0.00
1952.08   -0.83000   0.00
1952.17   -1.49000   0.00
1952.25    1.01000   0.00
1952.33   -1.12000   0.00
1952.42   -0.40000   0.00
1952.50   -0.09000   0.00
1952.58   -0.28000   0.00
1952.67   -0.54000   0.00
1952.75   -0.73000   0.00
1952.83   -1.13000   0.00
1952.92   -0.43000   0.00
1953.00    0.33000   0.00
1953.08   -0.49000   0.00
1953.17   -0.04000   0.00
1953.25   -1.67000   0.00
1953.33   -0.66000   0.00
1953.42    1.09000   0.00
1953.50    0.40000   0.00
1953.58   -0.71000   0.00
1953.67   -0.35000   0.00
1953.75    1.32000   0.00
1953.83    1.04000   0.00
1953.92   -0.47000   0.00
1954.00    0.37000   0.00
1954.08    0.74000   0.00
1954.17   -0.83000   0.00
1954.25    1.34000   0.00
1954.33   -0.09000   0.00
1954.42   -0.25000   0.00
1954.50   -0.60000   0.00
1954.58   -1.90000   0.00
1954.67   -0.44000   0.00
1954.75    0.60000   0.00
1954.83    0.40000   0.00
1954.92    0.69000   0.00
1955.00   -1.84000   0.00
1955.08   -1.12000   0.00
1955.17   -0.53000   0.00
1955.25   -0.42000   0.00
1955.33   -0.34000   0.00
1955.42   -1.10000   0.00
1955.50    1.76000   0.00
1955.58    1.07000   0.00
1955.67    0.32000   0.00
1955.75   -1.47000   0.00
1955.83   -1.29000   0.00
1955.92    0.17000   0.00
1956.00   -0.22000   0.00
1956.08   -1.12000   0.00
1956.17   -0.05000   0.00
1956.25   -1.06000   0.00
1956.33    2.21000   0.00
1956.42    0.10000   0.00
1956.50   -0.75000   0.00
1956.58   -1.37000   0.00
1956.67    0.24000   0.00
1956.75    0.88000   0.00
1956.83    0.51000   0.00
1956.92    0.10000   0.00
1957.00    1.05000   0.00
1957.08    0.11000   0.00
1957.17   -1.26000   0.00
1957.25    0.49000   0.00
1957.33   -0.79000   0.00
1957.42   -0.72000   0.00
1957.50   -1.19000   0.00
1957.58   -0.55000   0.00
1957.67   -1.66000   0.00
1957.75    1.32000   0.00
1957.83    0.73000   0.00
1957.92    0.12000   0.00
1958.00   -0.54000   0.00
1958.08   -1.06000   0.00
1958.17   -1.96000   0.00
1958.25    0.37000   0.00
1958.33   -0.24000   0.00
1958.42   -1.38000   0.00
1958.50   -1.73000   0.00
1958.58   -1.56000   0.00
1958.67   -0.07000   0.00
1958.75    0.16000   0.00
1958.83    1.64000   0.00
1958.92   -0.70000   0.00
1959.00   -0.87000   0.00
1959.08    0.68000   0.00
1959.17   -0.15000   0.00
1959.25    0.36000   0.00
1959.33    0.39000   0.00
1959.42    0.40000   0.00
1959.50    0.74000   0.00
1959.58    0.06000   0.00
1959.67    0.88000   0.00
1959.75    0.89000   0.00
1959.83    0.41000   0.00
1959.92    0.44000   0.00
1960.00   -1.29000   0.00
1960.08   -1.89000   0.00
1960.17   -0.50000   0.00
1960.25    1.36000   0.00
1960.33    0.45000   0.00
1960.42   -0.21000   0.00
1960.50    0.35000   0.00
1960.58   -1.40000   0.00
1960.67    0.39000   0.00
1960.75   -1.73000   0.00
1960.83   -0.51000   0.00
1960.92    0.06000   0.00
1961.00    0.41000   0.00
1961.08    0.45000   0.00
1961.17    0.55000   0.00
1961.25   -1.55000   0.00
1961.33   -0.36000   0.00
1961.42    0.86000   0.00
1961.50   -0.39000   0.00
1961.58    0.90000   0.00
1961.67    1.24000   0.00
1961.75    0.51000   0.00
1961.83   -0.62000   0.00
1961.92   -1.48000   0.00
1962.00    0.61000   0.00
1962.08    0.55000   0.00
1962.17   -2.47000   0.00
1962.25    0.99000   0.00
1962.33   -0.10000   0.00
1962.42    0.16000   0.00
1962.50   -2.47000   0.00
1962.58    0.14000   0.00
1962.67   -0.37000   0.00
1962.75    0.41000   0.00
1962.83   -0.23000   0.00
1962.92   -1.32000   0.00
1963.00   -2.12000   0.00
1963.08   -0.96000   0.00
1963.17   -0.43000   0.00
1963.25   -1.35000   0.00
1963.33    2.16000   0.00
1963.42   -0.43000   0.00
1963.50   -0.77000   0.00
1963.58   -0.64000   0.00
1963.67    1.79000   0.00
1963.75    0.94000   0.00
1963.83   -1.27000   0.00
1963.92   -1.92000   0.00
1964.00   -0.95000   0.00
1964.08   -1.43000   0.00
1964.17   -1.20000   0.00
1964.25    0.36000   0.00
1964.33    0.52000   0.00
1964.42    1.29000   0.00
1964.50    1.90000   0.00
1964.58   -1.77000   0.00
1964.67    0.20000   0.00
1964.75    0.74000   0.00
1964.83   -0.01000   0.00
1964.92   -0.15000   0.00
1965.00   -0.12000   0.00
1965.08   -1.55000   0.00
1965.17   -1.51000   0.00
1965.25    0.72000   0.00
1965.33   -0.62000   0.00
1965.42    0.29000   0.00
1965.50    0.32000   0.00
1965.58    0.45000   0.00
1965.67    0.37000   0.00
1965.75    0.38000   0.00
1965.83   -1.66000   0.00
1965.92    1.37000   0.00
1966.00   -1.74000   0.00
1966.08   -1.39000   0.00
1966.17    0.56000   0.00
1966.25   -0.75000   0.00
1966.33    0.22000   0.00
1966.42    1.05000   0.00
1966.50    0.32000   0.00
1966.58   -1.76000   0.00
1966.67   -0.45000   0.00
1966.75   -0.68000   0.00
1966.83   -0.04000   0.00
1966.92    0.72000   0.00
1967.00   -0.89000   0.00
1967.08    0.19000   0.00
1967.17    1.51000   0.00
1967.25    0.18000   0.00
1967.33   -0.99000   0.00
1967.42    1.40000   0.00
1967.50    0.41000   0.00
1967.58    1.44000   0.00
1967.67    0.93000   0.00
1967.75    0.07000   0.00
1967.83    0.60000   0.00
1967.92   -0.45000   0.00
1968.00    0.13000   0.00
1968.08   -1.29000   0.00
1968.17    0.40000   0.00
1968.25   -1.08000   0.00
1968.33   -1.76000   0.00
1968.42    0.33000   0.00
1968.50   -0.80000   0.00
1968.58   -0.66000   0.00
1968.67   -1.92000   0.00
1968.75   -2.30000   0.00
1968.83   -0.93000   0.00
1968.92   -1.40000   0.00
1969.00   -0.83000   0.00
1969.08   -1.55000   0.00
1969.17   -1.56000   0.00
1969.25    1.53000   0.00
1969.33    0.55000   0.00
1969.42    0.55000   0.00
1969.50    0.57000   0.00
1969.58   -1.45000   0.00
1969.67    2.07000   0.00
1969.75    0.66000   0.00
1969.83   -0.96000   0.00
1969.92   -0.28000   0.00
1970.00   -1.50000   0.00
1970.08    0.64000   0.00
1970.17   -0.96000   0.00
1970.25   -1.30000   0.00
1970.33    1.14000   0.00
1970.42    1.55000   0.00
1970.50    0.10000   0.00
1970.58    0.10000   0.00
1970.67   -0.09000   0.00
1970.75   -0.92000   0.00
1970.83   -0.60000   0.00
1970.92   -1.20000   0.00
1971.00   -1.13000   0.00
1971.08    0.24000   0.00
1971.17   -0.84000   0.00
1971.25   -0.24000   0.00
1971.33    0.50000   0.00
1971.42   -1.57000   0.00
1971.50    0.24000   0.00
1971.58    1.55000   0.00
1971.67    0.39000   0.00
1971.75    0.58000   0.00
1971.83   -0.20000   0.00
1971.92    0.60000   0.00
1972.00    0.27000   0.00
1972.08    0.32000   0.00
1972.17    0.72000   0.00
1972.25   -0.22000   0.00
1972.33    0.95000   0.00
1972.42    0.88000   0.00
1972.50    0.18000   0.00
1972.58    1.32000   0.00
1972.67   -0.12000   0.00
1972.75    1.09000   0.00
1972.83    0.54000   0.00
1972.92    0.19000   0.00
1973.00    0.04000   0.00
1973.08    0.85000   0.00
1973.17    0.30000   0.00
1973.25   -0.54000   0.00
1973.33   -0.44000   0.00
1973.42    0.39000   0.00
1973.50    0.57000   0.00
1973.58   -0.06000   0.00
1973.67   -0.30000   0.00
1973.75   -1.24000   0.00
1973.83   -0.93000   0.00
1973.92    0.32000   0.00
1974.00    1.34000   0.00
1974.08   -0.14000   0.00
1974.17   -0.03000   0.00
1974.25    0.51000   0.00
1974.33   -0.24000   0.00
1974.42   -0.14000   0.00
1974.50   -0.76000   0.00
1974.58   -0.64000   0.00
1974.67    0.82000   0.00
1974.75    0.49000   0.00
1974.83   -0.54000   0.00
1974.92    1.50000   0.00
1975.00    0.58000   0.00
1975.08   -0.62000   0.00
1975.17   -0.61000   0.00
1975.25   -1.60000   0.00
1975.33   -0.52000   0.00
1975.42   -0.84000   0.00
1975.50    1.55000   0.00
1975.58   -0.26000   0.00
1975.67    1.56000   0.00
1975.75   -0.54000   0.00
1975.83    0.41000   0.00
1975.92    0.00000   0.00
1976.00   -0.25000   0.00
1976.08    0.93000   0.00
1976.17    0.75000   0.00
1976.25    0.26000   0.00
1976.33    0.96000   0.00
1976.42    0.80000   0.00
1976.50   -0.32000   0.00
1976.58    1.92000   0.00
1976.67   -1.29000   0.00
1976.75   -0.08000   0.00
1976.83    0.17000   0.00
1976.92   -1.60000   0.00
1977.00   -1.04000   0.00
1977.08   -0.49000   0.00
1977.17   -0.81000   0.00
1977.25    0.65000   0.00
1977.33   -0.86000   0.00
1977.42   -0.57000   0.00
1977.50   -0.45000   0.00
1977.58   -0.28000   0.00
1977.67    0.37000   0.00
1977.75    0.52000   0.00
1977.83   -0.07000   0.00
1977.92   -1.00000   0.00
1978.00    0.66000   0.00
1978.08   -2.20000   0.00
1978.17    0.70000   0.00
1978.25   -1.17000   0.00
1978.33    1.08000   0.00
1978.42    1.38000   0.00
1978.50   -1.14000   0.00
1978.58    0.64000   0.00
1978.67    0.46000   0.00
1978.75    1.93000   0.00
1978.83    3.04000   0.00
1978.92   -1.57000   0.00
1979.00   -1.38000   0.00
1979.08   -0.67000   0.00
1979.17    0.78000   0.00
1979.25   -1.71000   0.00
1979.33   -1.03000   0.00
1979.42    1.60000   0.00
1979.50    0.83000   0.00
1979.58    0.96000   0.00
1979.67    1.01000   0.00
1979.75   -0.30000   0.00
1979.83    0.53000   0.00
1979.92    1.00000   0.00
1980.00   -0.75000   0.00
1980.08    0.05000   0.00
1980.17   -0.31000   0.00
1980.25    1.29000   0.00
1980.33   -1.50000   0.00
1980.42   -0.37000   0.00
1980.50   -0.42000   0.00
1980.58   -2.24000   0.00
1980.67    0.66000   0.00
1980.75   -1.77000   0.00
1980.83   -0.37000   0.00
1980.92    0.78000   0.00
1981.00    0.37000   0.00
1981.08    0.92000   0.00
1981.17   -1.19000   0.00
1981.25    0.36000   0.00
1981.33    0.20000   0.00
1981.42   -0.45000   0.00
1981.50    0.05000   0.00
1981.58    0.39000   0.00
1981.67   -1.45000   0.00
1981.75   -1.35000   0.00
1981.83   -0.38000   0.00
1981.92   -0.02000   0.00
1982.00   -0.89000   0.00
1982.08    1.15000   0.00
1982.17    1.15000   0.00
1982.25    0.10000   0.00
1982.33   -0.53000   0.00
1982.42   -1.63000   0.00
1982.50    1.15000   0.00
1982.58    0.26000   0.00
1982.67    1.76000   0.00
1982.75   -0.74000   0.00
1982.83    1.60000   0.00
1982.92    1.78000   0.00
1983.00    1.59000   0.00
1983.08   -0.53000   0.00
1983.17    0.95000   0.00
1983.25   -0.85000   0.00
1983.33   -0.07000   0.00
1983.42    0.99000   0.00
1983.50    1.19000   0.00
1983.58    1.61000   0.00
1983.67   -1.12000   0.00
1983.75    0.65000   0.00
1983.83   -0.98000   0.00
1983.92    0.29000   0.00
1984.00    1.66000   0.00
1984.08    0.72000   0.00
1984.17   -0.37000   0.00
1984.25   -0.28000   0.00
1984.33    0.54000   0.00
1984.42   -0.42000   0.00
1984.50   -0.07000   0.00
1984.58    1.15000   0.00
1984.67    0.17000   0.00
1984.75   -0.07000   0.00
1984.83   -0.06000   0.00
1984.92    0.00000   0.00
1985.00   -1.61000   0.00
1985.08   -0.49000   0.00
1985.17    0.20000   0.00
1985.25    0.32000   0.00
1985.33   -0.49000   0.00
1985.42   -0.80000   0.00
1985.50    1.22000   0.00
1985.58   -0.48000   0.00
1985.67   -0.52000   0.00
1985.75    0.90000   0.00
1985.83   -0.67000   0.00
1985.92    0.22000   0.00
1986.00    1.11000   0.00
1986.08   -1.00000   0.00
1986.17    1.71000   0.00
1986.25   -0.59000   0.00
1986.33    0.85000   0.00
1986.42    1.22000   0.00
1986.50    0.12000   0.00
1986.58   -1.09000   0.00
1986.67   -1.12000   0.00
1986.75    1.55000   0.00
1986.83    2.29000   0.00
1986.92    0.99000   0.00
1987.00   -1.15000   0.00
1987.08   -0.73000   0.00
1987.17    0.14000   0.00
1987.25    2.00000   0.00
1987.33    0.98000   0.00
1987.42   -1.82000   0.00
1987.50    0.52000   0.00
1987.58   -0.83000   0.00
1987.67   -1.22000   0.00
1987.75    0.14000   0.00
1987.83    0.18000   0.00
1987.92    0.32000   0.00
1988.00    1.02000   0.00
1988.08    0.76000   0.00
1988.17   -0.17000   0.00
1988.25   -1.17000   0.00
1988.33    0.63000   0.00
1988.42    0.88000   0.00
1988.50   -0.35000   0.00
1988.58    0.04000   0.00
1988.67   -0.99000   0.00
1988.75   -1.08000   0.00
1988.83   -0.34000   0.00
1988.92    0.61000   0.00
1989.00    1.17000   0.00
1989.08    2.00000   0.00
1989.17    1.85000   0.00
1989.25    0.28000   0.00
1989.33    1.38000   0.00
1989.42   -0.27000   0.00
1989.50    0.97000   0.00
1989.58    0.01000   0.00
1989.67    2.05000   0.00
1989.75   -0.03000   0.00
1989.83    0.16000   0.00
1989.92   -1.15000   0.00
1990.00    1.04000   0.00
1990.08    1.41000   0.00
1990.17    1.46000   0.00
1990.25    2.00000   0.00
1990.33   -1.53000   0.00
1990.42   -0.02000   0.00
1990.50    0.53000   0.00
1990.58    0.97000   0.00
1990.67    1.06000   0.00
1990.75    0.23000   0.00
1990.83   -0.24000   0.00
1990.92    0.22000   0.00
1991.00    0.86000   0.00
1991.08    1.04000   0.00
1991.17   -0.20000   0.00
1991.25    0.29000   0.00
1991.33    0.08000   0.00
1991.42   -0.82000   0.00
1991.50   -0.49000   0.00
1991.58    1.23000   0.00
1991.67    0.48000   0.00
1991.75   -0.19000   0.00
1991.83    0.48000   0.00
1991.92    0.46000   0.00
1992.00   -0.13000   0.00
1992.08    1.07000   0.00
1992.17    0.87000   0.00
1992.25    1.86000   0.00
1992.33    2.63000   0.00
1992.42    0.20000   0.00
1992.50    0.16000   0.00
1992.58    0.85000   0.00
1992.67   -0.44000   0.00
1992.75   -1.76000   0.00
1992.83    1.19000   0.00
1992.92    0.47000   0.00
1993.00    1.60000   0.00
1993.08    0.50000   0.00
1993.17    0.67000   0.00
1993.25    0.97000   0.00
1993.33   -0.78000   0.00
1993.42   -0.59000   0.00
1993.50   -3.18000   0.00
1993.58    0.12000   0.00
1993.67   -0.57000   0.00
1993.75   -0.71000   0.00
1993.83    2.56000   0.00
1993.92    1.56000   0.00
1994.00    1.04000   0.00
1994.08    0.46000   0.00
1994.17    1.26000   0.00
1994.25    1.14000   0.00
1994.33   -0.57000   0.00
1994.42    1.52000   0.00
1994.50    1.31000   0.00
1994.58    0.38000   0.00
1994.67   -1.32000   0.00
1994.75   -0.97000   0.00
1994.83    0.64000   0.00
1994.92    2.02000   0.00
1995.00    0.93000   0.00
1995.08    1.14000   0.00
1995.17    1.25000   0.00
1995.25   -0.85000   0.00
1995.33   -1.49000   0.00
1995.42    0.13000   0.00
1995.50   -0.22000   0.00
1995.58    0.69000   0.00
1995.67    0.31000   0.00
1995.75    0.19000   0.00
1995.83   -1.38000   0.00
1995.92   -1.67000   0.00
1996.00   -0.12000   0.00
1996.08   -0.07000   0.00
1996.17   -0.24000   0.00
1996.25   -0.17000   0.00
1996.33   -1.06000   0.00
1996.42    0.56000   0.00
1996.50    0.67000   0.00
1996.58    1.02000   0.00
1996.67   -0.86000   0.00
1996.75   -0.33000   0.00
1996.83   -0.56000   0.00
1996.92   -1.41000   0.00
1997.00   -0.49000   0.00
1997.08    1.70000   0.00
1997.17    1.46000   0.00
1997.25   -1.02000   0.00
1997.33   -0.28000   0.00
1997.42   -1.47000   0.00
1997.50    0.34000   0.00
1997.58    0.83000   0.00
1997.67    0.61000   0.00
1997.75   -1.70000   0.00
1997.83   -0.90000   0.00
1997.92   -0.96000   0.00
1998.00    0.39000   0.00
1998.08   -0.11000   0.00
1998.17    0.87000   0.00
1998.25   -0.68000   0.00
1998.33   -1.32000   0.00
1998.42   -2.72000   0.00
1998.50   -0.48000   0.00
1998.58   -0.02000   0.00
1998.67   -2.00000   0.00
1998.75   -0.29000   0.00
1998.83   -0.28000   0.00
1998.92    0.87000   0.00
1999.00    0.77000   0.00
1999.08    0.29000   0.00
1999.17    0.23000   0.00
1999.25   -0.95000   0.00
1999.33    0.92000   0.00
1999.42    1.12000   0.00
1999.50   -0.90000   0.00
1999.58    0.39000   0.00
1999.67    0.36000   0.00
1999.75    0.20000   0.00
1999.83    0.65000   0.00
1999.92    1.61000   0.00
2000.00    0.60000   0.00
2000.08    1.70000   0.00
2000.17    0.77000   0.00
2000.25   -0.03000   0.00
2000.33    1.58000   0.00
2000.42   -0.03000   0.00
2000.50   -1.03000   0.00
2000.58   -0.29000   0.00
2000.67   -0.21000   0.00
2000.75    0.92000   0.00
2000.83   -0.92000   0.00
2000.92   -0.58000   0.00
2001.00    0.25000   0.00
2001.08    0.45000   0.00
2001.17   -1.26000   0.00
2001.25    0.00000   0.00
2001.33   -0.02000   0.00
2001.42   -0.20000   0.00
2001.50   -0.25000   0.00
2001.58   -0.07000   0.00
2001.67   -0.65000   0.00
2001.75   -0.24000   0.00
2001.83    0.63000   0.00
2001.92   -0.83000   0.00
2002.00    0.44000   0.00
2002.08    1.10000   0.00
2002.17    0.69000   0.00
2002.25    1.18000   0.00
2002.33   -0.22000   0.00
2002.42    0.38000   0.00
2002.50    0.62000   0.00
2002.58    0.38000   0.00
2002.67   -0.70000   0.00
2002.75   -2.28000   0.00
2002.83   -0.18000   0.00
2002.92   -0.94000   0.00
2003.00    0.16000   0.00
2003.08    0.62000   0.00
2003.17    0.32000   0.00
2003.25   -0.18000   0.00
2003.33    0.01000   0.00
2003.42   -0.07000   0.00
2003.50    0.13000   0.00
2003.58   -0.07000   0.00
2003.67    0.01000   0.00
2003.75   -1.26000   0.00
2003.83    0.86000   0.00
2003.92    0.64000   0.00
2004.00   -0.29000   0.00
2004.08   -0.14000   0.00
2004.17    1.02000   0.00
2004.25    1.15000   0.00
2004.33    0.19000   0.00
2004.42   -0.89000   0.00
2004.50    1.13000   0.00
2004.58   -0.48000   0.00
2004.67    0.38000   0.00
2004.75   -1.10000   0.00
2004.83    0.73000   0.00
2004.92    1.21000   0.00
2005.00    1.52000   0.00
2005.08   -0.06000   0.00
2005.17   -1.83000   0.00
2005.25   -0.30000   0.00
2005.33   -1.25000   0.00
2005.42   -0.05000   0.00
2005.50   -0.51000   0.00
2005.58    0.37000   0.00
2005.67    0.63000   0.00
2005.75   -0.98000   0.00
2005.83   -0.31000   0.00
2005.92   -0.44000   0.00
2006.00    1.27000   0.00
2006.08   -0.51000   0.00
2006.17   -1.28000   0.00
2006.25    1.24000   0.00
2006.33   -1.14000   0.00
2006.42    0.84000   0.00
2006.50    0.90000   0.00
2006.58   -1.73000   0.00
2006.67   -1.62000   0.00
2006.75   -2.24000   0.00
2006.83    0.44000   0.00
2006.92    1.34000   0.00
2007.00    0.22000   0.00
2007.08   -0.47000   0.00
2007.17    1.44000   0.00
2007.25    0.17000   0.00
2007.33    0.66000   0.00
2007.42   -1.31000   0.00
2007.50   -0.58000   0.00
2007.58   -0.14000   0.00
2007.67    0.72000   0.00
2007.75    0.45000   0.00
2007.83    0.58000   0.00
2007.92    0.34000   0.00
2008.00    0.89000   0.00
2008.08    0.73000   0.00
2008.17    0.08000   0.00
2008.25   -1.07000   0.00
2008.33   -1.73000   0.00
2008.42   -1.39000   0.00
2008.50   -1.27000   0.00
2008.58   -1.16000   0.00
2008.67    1.02000   0.00
2008.75   -0.04000   0.00
2008.83   -0.32000   0.00
2008.92   -0.28000   0.00
2009.00   -0.01000   0.00
2009.08    0.06000   0.00
2009.17    0.57000   0.00
2009.25   -0.20000   0.00
2009.33    1.68000   0.00
2009.42   -1.21000   0.00
2009.50   -2.15000   0.00
2009.58   -0.19000   0.00
2009.67    1.51000   0.00
2009.75   -1.03000   0.00
2009.83   -0.02000   0.00
2009.92   -1.93000   0.00
2010.00   -1.11000   0.00
2010.08   -1.98000   0.00
2010.17   -0.88000   0.00
2010.25   -0.72000   0.00
2010.33   -1.49000   0.00
2010.42   -0.82000   0.00
2010.50   -0.42000   0.00
2010.58   -1.22000   0.00
2010.67   -0.79000   0.00
2010.75   -0.93000   0.00
2010.83   -1.62000   0.00
2010.92   -1.85000   0.00
2011.00   -0.88000   0.00
2011.08    0.70000   0.00
2011.17    0.61000   0.00
2011.25    2.48000   0.00
2011.33   -0.06000   0.00
2011.42   -1.28000   0.00
2011.50   -1.51000   0.00
2011.58   -1.35000   0.00
2011.67    0.54000   0.00
2011.75    0.39000   0.00
2011.83    1.36000   0.00
2011.92    2.52000   0.00
2012.00    1.17000   0.00
2012.08    0.42000   0.00
2012.17    1.27000   0.00
2012.25    0.47000   0.00
2012.33   -0.91000   0.00
2012.42   -2.53000   0.00
2012.50   -1.32000   0.00
2012.58   -0.98000   0.00
2012.67   -0.59000   0.00
2012.75   -2.06000   0.00
2012.83   -0.58000   0.00
2012.92    0.17000   0.00
2013.00    0.35000   0.00
2013.08   -0.45000   0.00
2013.17   -1.61000   0.00
2013.25    0.69000   0.00
2013.33    0.57000   0.00
2013.42    0.52000   0.00
2013.50    0.67000   0.00
2013.58    0.97000   0.00
2013.67    0.24000   0.00
2013.75   -1.28000   0.00
2013.83    0.90000   0.00
2013.92    0.95000   0.00
2014.00    0.29000   0.00
2014.08    1.34000   0.00
2014.17    0.80000   0.00
2014.25    0.31000   0.00
2014.33   -0.92000   0.00
2014.42   -0.97000   0.00
2014.50    0.18000   0.00
2014.58   -1.68000   0.00
2014.67    1.62000   0.00
2014.75   -1.27000   0.00
2014.83    0.68000   0.00
2014.92    1.86000   0.00
2015.00    1.79000   0.00
2015.08    1.32000   0.00
2015.17    1.45000   0.00
2015.25    0.73000   0.00
2015.33    0.15000   0.00
2015.42   -0.07000   0.00
2015.50   -3.18000   0.00
2015.58   -0.76000   0.00
2015.67   -0.65000   0.00
2015.75    0.44000   0.00
2015.83    1.74000   0.00
2015.92    2.24000   0.00
2016.00    0.12000   0.00
2016.08    1.58000   0.00
2016.17    0.73000   0.00
2016.25    0.38000   0.00
2016.33   -0.77000   0.00
2016.42   -0.43000   0.00
2016.50   -1.76000   0.00
2016.58   -1.65000   0.00
2016.67    0.61000   0.00
2016.75    0.41000   0.00
2016.83   -0.16000   0.00
2016.92    0.48000   0.00
2017.00    0.48000   0.00
2017.08    1.00000   0.00
2017.17    0.74000   0.00
2017.25    1.73000   0.00
2017.33   -1.91000   0.00
2017.42    0.05000   0.00
2017.50    1.26000   0.00
2017.58   -1.10000   0.00
2017.67   -0.61000   0.00
2017.75    0.19000   0.00
2017.83   -0.00000   0.00
2017.92    0.88000   0.00
2018.00    1.44000   0.00
2018.08    1.58000   0.00
2018.17   -0.93000   0.00
2018.25    1.24000   0.00
2018.33    2.12000   0.00
2018.42    1.09000   0.00
2018.50    1.39000   0.00
2018.58    1.97000   0.00
2018.67    1.67000   0.00
2018.75    0.93000   0.00
2018.83   -0.11000   0.00
2018.92    0.61000   0.00
2019.00    0.59000   0.00
2019.08    0.29000   0.00
2019.17    1.23000   0.00
2019.25    0.47000   0.00
2019.33   -2.62000   0.00
2019.42   -1.09000   0.00
2019.50   -1.43000   0.00
2019.58   -1.17000   0.00
2019.67   -0.16000   0.00
2019.75   -1.41000   0.00
2019.83    0.28000   0.00
2019.92    1.20000   0.00
2020.00    1.34000   0.00
2020.08    1.26000   0.00
2020.17    1.01000   0.00
2020.25   -1.02000   0.00
2020.33   -0.41000   0.00
2020.42   -0.15000   0.00
2020.50   -1.23000   0.00
2020.58    0.12000   0.00
2020.67    0.98000   0.00
2020.75   -0.65000   0.00
2020.83    2.54000   0.00
2020.92   -0.30000   0.00
2021.00   -1.11000   0.00
2021.08    0.14000   0.00
2021.17    0.73000   0.00
2021.25   -1.43000   0.00
2021.33   -1.24000   0.00
2021.42    0.77000   0.00
2021.50    0.03000   0.00
2021.58   -0.28000   0.00
2021.67   -0.21000   0.00
2021.75   -2.29000   0.00
2021.83   -0.18000   0.00
2021.92    0.29000   0.00
2022.00    1.08000   0.00
2022.08    1.68000   0.00
2022.17    0.77000   0.00
2022.25   -0.36000   0.00
2022.33    0.71000   0.00
2022.42   -0.12000   0.00
2022.50   -0.09000   0.00
2022.58    1.47000   0.00
2022.67   -1.61000   0.00
2022.75   -0.72000   0.00
2022.83    0.69000   0.00
2022.92   -0.15000   0.00
2023.00    1.25000   0.00
2023.08    0.92000   0.00
2023.17   -1.11000   0.00
2023.25   -0.63000   0.00
2023.33    0.39000   0.00
2023.42   -0.58000   0.00
2023.50   -2.17000   0.00
2023.58   -1.16000   0.00
2023.67   -0.44000   0.00
2023.75   -2.03000   0.00
2023.83   -0.32000   0.00
2023.92    1.94000   0.00
2024.00    0.21000   0.00
2024.08    1.09000   0.00
2024.17   -0.21000   0.00
2024.25   -0.78000   0.00
2024.33   -0.44000   0.00
2024.42   -0.09000   0.00
2024.50    1.46000   0.00
2024.58    0.63000   0.00
2024.67   -1.43000   0.00
2024.75   -0.38000   0.00
2024.83   -0.23000   0.00
2024.92    1.21000   0.00
2025.00   -0.52000   0.00
2025.08    0.00000   0.00
2025.17    0.00000   0.00
2025.25    0.00000   0.00
2025.33    0.00000   0.00
2025.42    0.00000   0.00
2025.50    0.00000   0.00
2025.58    0.00000   0.00
2025.67    0.00000   0.00
2025.75    0.00000   0.00
2025.83    0.00000   0.00
2025.92    0.00000   0.00
